0.54975 0.890086 0.975 0.00593017 0.542509 0.89115 0.975 0.00573097 0.542262 0.891682 0.975 0.00569926 0.580204 0.891828 0.975 0.00570416 0.553013 0.8919 0.975 0.00558636 0.548423 0.890306 0.975 0.00580829 
0.54975 0.89518 0.975 0.00546907 0.542509 0.8962 0.975 0.00528638 0.558339 0.896249 0.975 0.00537522 0.575672 0.896371 0.975 0.00530176 0.532526 0.89559 0.975 0.00526373 0.548423 0.895 0.975 0.00538336 
0.54975 0.898132 0.975 0.00509987 0.522794 0.899231 0.975 0.00502587 0.553349 0.898825 0.975 0.005082 0.568201 0.898989 0.975 0.00496518 0.532526 0.898646 0.975 0.00496841 0.523793 0.898403 0.975 0.0050825 
0.538502 0.900474 0.975 0.0048808 0.522794 0.901553 0.975 0.00480467 0.553349 0.901251 0.975 0.00482725 0.528057 0.901369 0.975 0.00474128 0.541283 0.901119 0.975 0.00473759 0.546714 0.900522 0.975 0.00490022 
0.54975 0.905057 0.975 0.00454053 0.542509 0.905782 0.975 0.00449552 0.565852 0.905705 0.975 0.00446826 0.568201 0.905581 0.975 0.00443165 0.570066 0.90537 0.975 0.00444145 0.546714 0.905483 0.975 0.00449638 
0.550392 0.909175 0.975 0.00420109 0.524994 0.909728 0.975 0.00418776 0.550319 0.909565 0.975 0.00417561 0.572272 0.909359 0.975 0.00418351 0.569928 0.909361 0.975 0.0041437 0.559166 0.909317 0.975 0.00420461 
0.550392 0.912277 0.975 0.00400391 0.542509 0.91329 0.975 0.00388265 0.550319 0.913192 0.975 0.0038666 0.593979 0.912806 0.975 0.00389587 0.570066 0.912913 0.975 0.00386207 0.588435 0.912826 0.975 0.00392135 
0.550392 0.915241 0.975 0.00377156 0.542509 0.916153 0.975 0.00365284 0.565852 0.916431 0.975 0.00361516 0.595323 0.915656 0.975 0.00370547 0.559013 0.915883 0.975 0.00365108 0.569646 0.915786 0.975 0.0037057 
0.545208 0.917855 0.975 0.0035856 0.568308 0.918803 0.975 0.00345435 0.565852 0.918901 0.975 0.00342584 0.581505 0.918555 0.975 0.00345958 0.60278 0.918466 0.975 0.00345728 0.569646 0.918278 0.975 0.00352533 
0.545208 0.920442 0.975 0.0033981 0.571298 0.92113 0.975 0.00328611 0.570463 0.921309 0.975 0.00323742 0.608127 0.920842 0.975 0.00329345 0.604248 0.920855 0.975 0.00328939 0.606577 0.920637 0.975 0.00334827 
