2.00002 2.12856 2.6837 0.00956505 2.00001 2.12904 2.60524 0.00948892 2.00003 2.12819 2.62842 0.00940148 2.00002 2.13122 2.65344 0.00970224 2 2.12907 2.62584 0.00966618 2.00002 2.12586 2.65746 0.00924073 
2 2.12878 2.6837 0.00945277 2.00001 2.12982 2.62103 0.00967874 2.00004 2.12768 2.64467 0.00932156 2.00001 2.13411 2.65344 0.0100997 2 2.13278 2.64618 0.0101082 2.00002 2.12923 2.65876 0.0096174 
2 2.12882 2.6837 0.00949326 2 2.13068 2.63823 0.00972938 2 2.12935 2.64467 0.00954721 2.00001 2.13561 2.70828 0.0103852 2 2.13498 2.65956 0.0104287 2.00002 2.13123 2.65876 0.00991218 
2 2.12882 2.7165 0.00952041 2 2.13073 2.63082 0.00978729 2 2.12954 2.81221 0.00949425 2 2.13775 2.70828 0.0106588 2 2.13733 2.69326 0.010727 2.00001 2.13351 2.69984 0.010213 
2 2.12884 2.7165 0.00953887 2 2.1306 2.63082 0.00974694 2 2.12967 2.81221 0.00950841 2 2.13788 2.7291 0.0106759 2 2.13822 2.69326 0.0108604 2.00001 2.13448 2.68353 0.0103163 
2 2.12893 2.7165 0.00952264 2 2.13064 2.63082 0.00978883 2 2.12959 2.81221 0.00954987 2 2.13811 2.7291 0.010723 2 2.13903 2.69326 0.0109545 2.00001 2.13479 2.68353 0.0103628 
2 2.12908 2.7165 0.0095274 2 2.13097 2.63082 0.00981259 2 2.12973 2.81221 0.00954685 2 2.13841 2.7291 0.0107715 2 2.13943 2.69326 0.0110358 2.00001 2.1355 2.68353 0.0104936 
2 2.12857 2.7165 0.00946521 2 2.1312 2.63082 0.00990684 2 2.13005 2.81221 0.00957675 2 2.13943 2.7291 0.0109253 2 2.13991 2.69326 0.0111314 2.00001 2.13581 2.68353 0.0105614 
2 2.12883 2.7165 0.0095226 2 2.13136 2.63082 0.00984385 2 2.13011 2.81221 0.00953378 2 2.13945 2.7291 0.010937 2 2.1402 2.68979 0.0111472 2.00001 2.13585 2.78008 0.0106171 
2 2.12897 2.7165 0.00952976 2 2.13149 2.6313 0.00986465 2 2.13006 2.81221 0.00955938 2 2.1396 2.7291 0.0109802 2 2.1404 2.68979 0.0112267 2 2.13593 2.78008 0.0105848 
