5029 4986 4900 4882 4943 
944 950 956 1053 1604 
191 159 188 246 544 
41 26 40 106 324 
13 7 24 132 326 
8 6 33 195 453 
7 18 48 366 756 
29 26 76 636 1552 
88 57 184 1443 3143 
205 131 404 3178 6996 
446 383 1019 7219 15225 
976 927 2307 14738 14402 
2060 2127 5076 14047 14012 
4214 4924 10696 13477 13579 
8601 11012 13693 13347 13370 
14134 14520 13348 12896 13075 
13463 13713 13042 12459 12865 
13036 13292 12787 12289 12574 
12785 12976 12667 12129 12231 
12658 12657 12110 11897 12111 
12193 12239 11875 11513 11836 
11851 12186 11736 11397 11766 
11839 11707 11676 11500 11446 
11571 11641 11560 11369 11567 
11561 11402 11141 11125 11372 
11352 11496 11503 10869 11000 
11257 11140 11092 10837 11135 
11097 11066 11044 10769 10932 
10950 11022 10989 10793 10894 
10861 10948 10976 10628 10690 
10787 10656 10913 10510 10621 
10734 10636 10838 10455 10597 
10585 10644 10708 10482 10541 
10394 10479 10358 10487 10700 
10486 10431 10563 10513 10474 
10546 10472 10456 10236 10553 
10216 10451 10412 10267 10489 
10470 10409 10521 10353 10470 
10327 10239 10405 10276 10699 
10594 10419 10354 10167 10913 
10364 10174 10607 10196 10745 
10118 10197 10320 10077 10440 
10357 10234 10398 9995 10476 
10325 10162 10180 10162 10199 
10198 10294 10222 10116 10565 
10320 10309 10271 10115 10287 
10092 10024 10344 9939 10302 
10094 9965 10169 9898 10392 
10051 10111 10115 9831 10343 
10072 10063 10199 9860 10161 
10130 9987 10212 9877 10190 
10016 9968 10103 10118 10262 
10141 10119 10105 10237 10160 
10110 10073 10221 10142 10033 
10107 9928 10092 10108 9925 
10001 10055 10049 9878 10071 
9893 10114 10154 10003 9996 
9867 10015 10124 9845 10029 
10178 9960 9978 10099 9996 
9981 9997 9850 9802 9963 
10133 10038 9997 9958 9796 
10044 9840 9971 9836 9957 
9684 9969 9963 9907 10024 
9917 9879 10030 9809 9847 
9951 10045 9854 9753 9901 
9940 9874 10124 9884 9785 
9940 9817 10051 9752 10055 
9897 9986 10141 9858 9774 
10041 10120 9825 9773 9999 
9964 10093 9937 9926 9889 
9941 9883 9939 9917 9863 
9701 10020 9912 9951 9963 
9991 9846 9929 9873 9996 
9961 9819 10022 9827 9745 
9910 10050 9946 9820 10064 
9831 9910 9980 9894 9830 
9789 10048 9938 9730 9918 
9867 10076 10010 9841 9866 
9962 10058 9893 9820 9965 
9918 10003 9918 9895 9828 
10085 10076 10016 9942 9949 
9918 10168 10155 9797 10112 
9966 10131 10118 9832 9762 
10081 10164 10255 9843 10181 
10284 10112 10250 10002 10071 
10186 10320 10085 9832 10183 
10348 10363 10157 9873 10047 
10244 10287 10099 10032 10052 
10250 10367 10132 9908 10105 
10214 10300 10140 10084 10306 
10331 10261 10315 10151 10287 
10201 10591 10314 9986 10132 
10406 10544 10390 10133 10365 
10611 10452 10524 10142 10480 
10440 10558 10277 10217 10361 
10716 10570 10495 10263 10629 
10957 10647 10633 10063 10663 
10735 10635 10794 10279 10856 
10953 10979 10968 10365 10869 
10881 10941 10849 10318 10958 
