4996 5079 5045 4955 4939 
15682 15717 15716 15509 15447 
20072 20048 20228 19880 19911 
20025 19759 19810 19992 19957 
19902 20093 19903 20179 20001 
20051 19990 19807 19970 19859 
20095 19985 20064 19964 19867 
20170 20167 20193 19753 19786 
20033 20157 20125 19821 19985 
19922 20128 20085 19796 19833 
19987 19983 20068 20136 19962 
20058 19742 20155 19982 19758 
20092 19891 20224 19938 20273 
19861 20113 19851 19849 19945 
20139 20011 20279 20026 20040 
19995 19800 20117 19936 20045 
19911 19899 19964 19806 20090 
20063 19891 19946 19905 20109 
20124 20040 19994 19804 20170 
19920 20007 19998 20044 20028 
20052 19850 20245 20100 19843 
20331 20018 19811 20030 20139 
20268 20016 20187 20047 20153 
19831 20044 20220 20034 20086 
20117 20026 20282 19960 20002 
20092 19995 20127 20067 20027 
20011 19879 20242 19953 19825 
19959 20154 20157 20023 20191 
20221 19846 20031 19725 19940 
20143 20021 20206 20055 19784 
19931 19821 20071 19987 19898 
20069 19892 19921 20051 19941 
20047 19882 20081 19921 20007 
19862 20024 20205 19932 19953 
19913 20031 20203 19828 20028 
19869 19773 20076 20094 20019 
19825 19948 20001 20213 19986 
20214 19799 20136 20175 20114 
19859 19835 20104 19971 19809 
20052 19932 20292 19729 20000 
19748 20047 20100 19664 19983 
19847 19887 20182 20002 19948 
20059 19884 20104 19958 19940 
19919 19928 20121 19982 19899 
20065 19995 20412 19932 19983 
19915 19923 19954 20035 20128 
20079 19981 20030 20145 19751 
19755 19744 20075 19883 19882 
20019 19836 20118 19764 19947 
19966 19938 20053 19874 19848 
19952 20253 20288 20050 19933 
19876 20098 20174 19876 20151 
20060 19930 20122 20254 20073 
19892 19939 20081 19970 19992 
19900 20051 20248 19944 19602 
20002 19889 19955 19847 20236 
20011 19942 20095 20212 19970 
20151 20102 19948 19733 19894 
19830 19956 20168 20064 19944 
19968 20107 20179 20156 20045 
19921 19949 19894 19878 19856 
20075 19901 20043 19755 19882 
19948 19903 20150 20091 20023 
19944 19882 20176 19885 19948 
20196 20010 20281 19991 20068 
20155 20020 20127 20036 19969 
19980 19973 20245 20108 19854 
19882 20017 19932 19963 20036 
19832 19802 20281 19882 19987 
20109 19928 19922 19921 19872 
19830 19998 20369 20015 20180 
20245 19810 19969 20143 20080 
20050 19972 19995 20158 19972 
19919 19953 20174 19819 20036 
19995 19853 19974 19937 19931 
19819 20052 20227 19782 19940 
20162 19839 20069 20039 20047 
19983 20078 20173 19966 19892 
19869 20156 20105 19995 19894 
20082 19872 20218 20026 19976 
19927 19815 19979 20054 19965 
20050 20041 20183 20171 19965 
20040 20075 20021 19898 19864 
20020 19924 20092 19922 19861 
19949 20057 19962 20093 19821 
20057 19855 20025 19902 19737 
19742 19830 20138 20010 19826 
19833 19828 20164 19995 19860 
19888 19932 20105 19976 19771 
19904 19997 20137 19953 19935 
20050 20015 20327 19999 19884 
20139 19927 19803 19895 20005 
20168 19979 20019 19840 20090 
20121 19953 19989 19959 19844 
19939 20009 20052 20009 20022 
20028 19717 20057 20373 19829 
19888 19639 20080 20216 19901 
19771 19698 20221 19705 19882 
20110 19738 20053 20077 20079 
19933 20045 20078 19788 19978 
