8.08052e-14 0.123709 15.37 0 6.07067e-13 0.205118 14.5174 0 2.03296e-11 0.396924 18.6776 0 6.40614e-12 0.916957 28.9769 0 3.08874e-08 2.40598 30.4344 0 
1.67423e-28 0.143909 17.6813 0 5.31424e-23 0.0973961 21.3545 0 1.05973e-23 0.334631 20.0013 0 1.07871e-17 0.950988 23.2669 0 3.94922e-16 2.87015 26.7189 0 
3.47522e-43 0.250333 10.6992 0 2.29655e-30 0.0938406 8.14283 0 1.53239e-33 0.875813 15.1004 0 2.92051e-23 3.45161 24.654 0 9.02561e-26 6.05122 28.4161 0 
6.44597e-44 1.24556 26.5303 0 4.20904e-38 0.219907 4.29195 0 6.39453e-40 3.63664 24.877 0 2.81962e-20 10.6383 27.5239 0 5.35253e-18 11.7446 29.1604 0 
1.03402e-38 3.86316 18.5777 0 0 2.50456 9.806 0 2.00149e-25 10.0219 23.2872 0 8.3177e-25 15.718 32.0841 0 4.04321e-16 16.5305 33.9188 0 
1.56586e-36 9.1335 26.6118 0 1.30615e-36 9.07087 21.1198 0 1.10513e-30 15.3917 27.8254 0 2.06382e-16 19.7199 35.0739 0 4.89824e-15 20.0972 34.5064 0 
0.1564 15.651 27.0026 0 7.41287e-43 8.57916 27.4694 0 3.64905 19.48 33.0954 0 0.713554 22.6352 35.2407 0 0.779382 22.946 36.6039 0 
3.68423 19.4449 33.1873 0 1.70416 12.5125 31.3226 0 2.38583 21.1772 33.7899 0 3.58815 25.04 37.3907 0 4.20272 25.0827 36.7705 0 
1.13237 17.0773 34.9587 0 0.182138 19.1229 33.8935 0 1.28669 23.6042 34.8895 0 3.34994 27.1156 36.8892 0 1.74155 26.5525 37.8019 0 
0.733243 20.3184 36.4559 0 0.416636 22.0165 32.9103 0 4.55325 24.7725 37.5592 0 4.87072 28.5204 37.9743 0 1.85722 28.1116 38.6737 0 
1.86036 22.3593 37.6073 0 2.73928 24.4436 37.6233 0 4.0663 26.3583 37.543 0 3.16312 29.6504 38.1875 0 2.9739 29.3617 38.3062 0 
0.568902 22.4239 37.9121 0 0.555545 25.5871 37.8745 0 3.10412 27.3067 37.9712 0 4.6029 30.576 38.1097 0 0.715799 29.9943 38.2832 0 
1.06381 24.1008 37.2062 0 0.745244 26.7961 37.4882 0 4.50139 28.3334 37.6782 0 6.02289 31.0431 38.4391 0 0.0969738 30.972 38.6266 0 
2.08734 25.8246 38.0608 0 1.68869 28.0154 38.2201 0 4.79367 29.3892 38.1788 0 5.6565 31.7429 38.2571 0 2.6 31.7216 38.546 0 
1.66553 27.2741 38.083 0 3.98205 29.2055 38.069 0 3.44437 30.1292 38.1531 0 5.27359 32.3006 38.3492 0 4.23394 32.3997 38.6112 0 
0.823958 28.479 38.0621 0 1.93902 30.0053 38.4026 0 2.99812 30.8507 38.3757 0 6.31267 32.8053 38.5728 0 6.31656 33.0238 38.5734 0 
1.45147 29.3384 38.3637 0 2.19998 30.6445 38.299 0 5.57603 31.6082 38.6853 0 8.55011 33.3494 38.7138 0 10.9279 33.562 38.8073 0 
2.4411 30.3317 38.2312 0 6.20208 31.4694 38.4373 0 5.146 32.2215 38.5458 0 8.87339 33.7977 38.5103 0 10.2609 34.0231 38.6733 0 
4.06884 31.0531 38.6943 0 5.33856 32.1016 38.6184 0 3.32682 32.739 38.3741 0 11.3728 34.1242 38.6614 0 7.84829 34.5071 38.7962 0 
4.48114 31.6716 38.5375 0 8.29543 32.6367 38.4467 0 9.11113 33.2333 38.6168 0 7.96107 34.471 38.6405 0 15.2256 34.8389 38.7581 0 
7.1214 32.1862 38.5223 0 4.62888 33.1191 38.7099 0 7.78015 33.6663 38.7661 0 12.5804 34.7284 38.6389 0 10.3174 35.174 38.7883 0 
4.71913 32.6427 38.5338 0 8.68191 33.5162 38.7596 0 11.5102 34.0675 38.6724 0 14.8664 34.9853 38.7502 0 15.1685 35.4141 38.8219 0 
8.09591 33.0567 38.6038 0 12.364 33.9322 38.9121 0 11.0314 34.3763 38.7702 0 16.9868 35.1959 38.688 0 15.7971 35.6955 38.8303 0 
5.79425 33.4828 38.5598 0 9.76036 34.2057 38.8197 0 14.0616 34.6739 38.7615 0 16.912 35.3906 38.6975 0 17.893 35.8942 38.8617 0 
11.7608 33.7752 38.6399 0 11.6004 34.4851 38.78 0 8.96801 34.8774 38.834 0 16.7051 35.5681 38.6875 0 17.9307 36.0693 38.906 0 
12.7833 34.0967 38.6996 0 9.62999 34.7135 38.9518 0 18.2258 35.0776 38.8483 0 21.9949 35.7514 38.8519 0 17.5627 36.2475 38.8588 0 
8.30227 34.4067 38.7299 0 17.5684 34.9481 38.8686 0 12.4594 35.299 38.8413 0 20.4848 35.9092 38.9397 0 18.025 36.4093 38.886 0 
11.035 34.607 38.6785 0 16.2118 35.1595 38.7501 0 20.3998 35.4963 38.7761 0 21.4368 36.0429 38.9184 0 17.683 36.5318 38.8878 0 
12.2 34.7993 38.7862 0 12.1136 35.3092 38.9508 0 15.6704 35.6592 38.7917 0 17.9288 36.1652 38.7947 0 22.6972 36.663 38.8969 0 
15.7336 35.0067 38.7649 0 17.011 35.4564 38.958 0 18.6417 35.8145 38.8877 0 19.4177 36.2797 38.8148 0 23.981 36.7553 38.8874 0 
16.5573 35.1524 38.8287 0 17.6052 35.5694 38.9953 0 21.2442 35.9828 38.8757 0 18.9945 36.3935 38.9038 0 22.0223 36.864 38.9482 0 
16.02 35.3284 38.7977 0 19.4402 35.7287 38.9391 0 21.842 36.1118 38.9827 0 22.4559 36.5081 38.7998 0 18.3937 36.975 38.9179 0 
17.2627 35.4453 38.8715 0 17.8564 35.82 38.9925 0 21.7998 36.2203 38.9541 0 23.407 36.594 38.9062 0 22.8564 37.0607 38.9849 0 
19.3117 35.6232 38.8517 0 16.6235 35.9395 38.9663 0 20.5823 36.3291 38.9499 0 23.2642 36.6805 38.8351 0 20.2042 37.1048 38.9072 0 
20.26 35.7528 38.9773 0 21.2971 35.9979 38.9996 0 21.2633 36.4274 38.9746 0 24.3461 36.7498 38.917 0 25.629 37.1898 38.9087 0 
18.9884 35.8705 38.9921 0 18.8047 36.1206 38.9963 0 25.1095 36.5393 38.969 0 24.5489 36.8089 38.8889 0 21.001 37.2467 38.9487 0 
21.2186 35.9757 38.9977 0 19.6221 36.2431 38.9926 0 22.1081 36.5948 38.9945 0 25.6135 36.8954 38.9444 0 28.0399 37.3032 38.9555 0 
18.0802 36.0378 38.9813 0 13.9183 36.3211 38.9977 0 23.6838 36.6764 38.9949 0 16.9164 36.9588 38.8903 0 26.5773 37.3642 38.947 0 
18.5513 36.139 38.9831 0 24.494 36.414 38.9938 0 25.0908 36.7524 38.9985 0 26.3492 37.0103 38.9149 0 24.9759 37.4262 38.939 0 
14.2334 36.2184 38.9766 0 23.4007 36.4749 38.9969 0 23.6619 36.8146 38.9983 0 25.6662 37.0818 38.8501 0 25.8396 37.4955 38.9534 0 
21.3468 36.2985 39 0 19.0925 36.558 38.993 0 23.7681 36.8722 38.9966 0 26.3175 37.1442 38.9269 0 28.4879 37.5633 38.9743 0 
22.243 36.379 38.9991 0 21.6533 36.6194 38.9986 0 24.3257 36.9488 38.9679 0 28.9999 37.1941 38.9875 0 26.032 37.5994 38.9988 0 
19.5509 36.4766 38.9986 0 23.4954 36.6956 38.9981 0 26.9243 37.0159 38.9956 0 24.5848 37.2431 38.9653 0 23.4974 37.6448 38.9976 0 
22.3895 36.5204 38.9959 0 18.7837 36.7538 38.997 0 26.0391 37.0747 38.9946 0 26.4517 37.2878 38.9331 0 22.2112 37.6888 38.9993 0 
22.3967 36.5742 38.9974 0 22.4724 36.8301 38.9984 0 22.9647 37.1307 38.9995 0 27.5245 37.3325 38.9728 0 29.7749 37.7291 38.9994 0 
18.6162 36.6642 38.9995 0 26.3508 36.8808 38.9984 0 23.9049 37.1859 38.9984 0 28.0617 37.3773 38.9784 0 28.5842 37.7674 38.9988 0 
20.9347 36.7269 38.9952 0 26.1436 36.9447 38.998 0 28.0468 37.2315 38.9967 0 27.7013 37.4268 38.9933 0 30.3691 37.8031 38.9998 0 
18.9549 36.7674 38.9986 0 25.2503 36.9933 38.9995 0 20.1665 37.2639 38.9987 0 27.4433 37.4592 38.9995 0 28.3257 37.8508 38.9916 0 
19.5056 36.8418 38.998 0 21.1579 37.0602 38.9985 0 26.4556 37.3139 38.9977 0 29.4069 37.5003 38.9991 0 26.1493 37.8721 38.9922 0 
25.8089 36.9271 38.9974 0 25.0838 37.0791 38.9994 0 28.5205 37.3489 38.9963 0 29.8484 37.531 38.9989 0 29.0724 37.8935 38.9992 0 
21.9995 36.9491 38.9999 0 25.8065 37.1406 38.9997 0 28.0089 37.3832 38.9998 0 29.2016 37.567 38.9985 0 31.0973 37.9245 38.9974 0 
21.0323 36.9994 39 0 25.9512 37.1878 38.9999 0 28.1415 37.4134 38.9995 0 30.5204 37.5992 38.9994 0 25.6746 37.9364 38.9994 0 
26.6223 37.0484 38.9999 0 21.1692 37.2358 38.9999 0 27.2716 37.4339 38.9987 0 27.593 37.624 38.9955 0 28.0571 37.9654 38.9998 0 
23.4571 37.0963 38.9996 0 26.4246 37.2863 39 0 27.2299 37.4714 38.9997 0 26.4419 37.6558 38.9941 0 30.8621 38.0076 38.9998 0 
21.0673 37.1427 38.9997 0 26.4907 37.3263 38.9996 0 26.4628 37.5061 38.9989 0 25.9921 37.6798 38.999 0 27.9636 38.0175 38.9998 0 
27.3329 37.1747 38.9999 0 23.6132 37.3691 39 0 27.6588 37.5522 38.9996 0 30.7536 37.6975 38.9995 0 28.0681 38.0429 38.9992 0 
27.4293 37.1945 38.9994 0 20.7864 37.3925 38.9998 0 23.2453 37.6001 38.9994 0 30.6721 37.7305 38.999 0 32.7186 38.0759 38.9988 0 
26.3758 37.2279 38.9992 0 28.5249 37.4653 39 0 28.9614 37.6301 38.9997 0 26.3463 37.7594 38.999 0 31.5811 38.0926 38.9994 0 
23.9748 37.248 39 0 25.4294 37.49 38.9998 0 24.7687 37.6416 38.9995 0 29.4119 37.7931 39 0 30.0208 38.1109 38.9994 0 
29.0422 37.2857 39 0 28.1271 37.5343 38.9998 0 26.1385 37.6823 38.9996 0 28.1773 37.8102 39 0 31.8794 38.1284 38.9997 0 
28.776 37.349 38.9998 0 29.208 37.5747 38.9999 0 27.5763 37.7299 38.9998 0 28.541 37.842 38.9998 0 29.5387 38.1549 39 0 
21.9535 37.4128 38.9993 0 29.093 37.6107 39 0 29.5089 37.7668 39 0 30.6771 37.8593 38.9997 0 32.2128 38.1769 38.9997 0 
27.4008 37.444 38.9999 0 27.7392 37.6379 39 0 29.1626 37.7934 38.9998 0 29.2377 37.9002 38.9998 0 32.3268 38.1916 38.9999 0 
29.0427 37.4824 38.9999 0 28.7237 37.676 39 0 28.152 37.8299 38.9999 0 32.1837 37.9298 38.9999 0 30.2384 38.2092 39 0 
27.2186 37.5135 38.9993 0 24.0197 37.7153 39 0 29.9169 37.8586 38.9999 0 31.0709 37.9392 39 0 31.9436 38.2296 38.9998 0 
29.2849 37.5547 39 0 28.1341 37.7572 39 0 30.1411 37.8982 38.9998 0 29.427 37.9485 38.9998 0 33.4452 38.2467 39 0 
26.012 37.5957 38.9999 0 28.8654 37.7928 39 0 30.8517 37.9064 38.9998 0 32.0731 37.9894 38.9994 0 32.6449 38.2671 38.9998 0 
27.9134 37.619 38.9996 0 31.3346 37.8328 39 0 26.8413 37.9295 38.9999 0 31.0892 38.008 39 0 31.6895 38.2764 39 0 
27.6356 37.6648 38.9997 0 29.7696 37.8786 38.9999 0 32.1992 37.9591 39 0 30.391 38.0359 38.9998 0 32.3897 38.2935 39 0 
29.5618 37.7104 38.9997 0 28.4494 37.9046 38.9999 0 30.0123 37.9972 39 0 32.2414 38.0692 38.9999 0 31.7221 38.31 38.9998 0 
27.8122 37.7561 39 0 28.7345 37.9384 39 0 31.4043 38.0198 39 0 32.4093 38.0853 39 0 30.7408 38.3309 38.9999 0 
28.9658 37.7915 38.9999 0 29.5163 37.9739 39 0 31.9192 38.0477 38.9999 0 30.5785 38.1105 39 0 33.4888 38.3519 38.9999 0 
27.9801 37.839 38.9999 0 29.0955 38.0183 39 0 30.253 38.0633 39 0 33.1101 38.1442 38.9999 0 33.3835 38.3746 38.9999 0 
25.0483 37.8709 39 0 29.9956 38.0549 38.9999 0 29.6087 38.0911 39 0 31.4529 38.1615 38.9998 0 32.2094 38.4035 39 0 
20.8281 37.9053 39 0 29.6071 38.0899 38.9999 0 30.8626 38.1031 39 0 32.9322 38.194 39 0 34.2106 38.4233 39 0 
29.0843 37.9384 39 0 31.9094 38.1118 38.9999 0 32.5386 38.1298 38.9998 0 32.4909 38.2077 38.9999 0 33.5164 38.4395 39 0 
29.9402 37.9653 39 0 29.585 38.1329 38.9999 0 32.6093 38.1587 39 0 31.7989 38.233 39 0 32.4275 38.459 38.9999 0 
30.8933 37.9908 38.9999 0 30.4829 38.1573 39 0 32.2799 38.1919 38.9999 0 32.9367 38.2591 39 0 31.2026 38.468 39 0 
29.8386 38.0275 38.9999 0 29.7252 38.1861 39 0 31.3648 38.2181 39 0 32.4209 38.272 39 0 34.5723 38.489 38.9999 0 
22.8293 38.0355 39 0 31.8444 38.2202 38.9999 0 31.8029 38.2461 39 0 33.7352 38.2948 38.9999 0 34.6652 38.5012 39 0 
28.5597 38.0764 39 0 31.9985 38.2533 39 0 31.2825 38.2743 38.9999 0 32.456 38.3126 39 0 35.1138 38.5235 39 0 
29.4525 38.0938 39 0 28.1 38.2658 38.9999 0 30.2267 38.2911 39 0 30.3369 38.3348 39 0 30.0605 38.5375 39 0 
28.3377 38.1179 39 0 26.7502 38.2679 38.9999 0 31.8451 38.3198 39 0 32.6743 38.3577 39 0 33.774 38.5525 39 0 
30.1505 38.1251 39 0 30.1343 38.2885 39 0 27.9922 38.3456 39 0 32.7707 38.3758 39 0 32.9738 38.5731 39 0 
29.1654 38.1364 39 0 30.4454 38.3128 39 0 31.7272 38.3668 39 0 32.6632 38.3891 39 0 34.4253 38.589 39 0 
28.7722 38.1503 39 0 31.2303 38.3441 39 0 30.4234 38.3851 39 0 31.2362 38.4104 39 0 34.1913 38.6074 39 0 
25.9553 38.1394 39 0 29.9626 38.3455 38.9999 0 30.0782 38.3986 39 0 27.9547 38.4392 39 0 33.4754 38.6233 39 0 
26.4378 38.1413 39 0 31.6983 38.3485 39 0 32.7908 38.4214 39 0 30.0297 38.4554 38.9999 0 29.749 38.6302 39 0 
22.7224 38.1465 39 0 25.7636 38.359 39 0 30.8241 38.4249 39 0 32.8239 38.4711 39 0 35.0463 38.6412 39 0 
21.3062 38.1207 38.9999 0 29.4886 38.3366 39 0 30.1303 38.4276 39 0 33.5711 38.4966 38.9999 0 33.9567 38.6493 39 0 
26.0563 38.1053 39 0 27.5107 38.3472 39 0 29.2719 38.4396 39 0 32.0429 38.5082 38.9999 0 30.0396 38.6529 39 0 
20.0522 38.0966 38.9999 0 29.5075 38.338 38.9999 0 30.4647 38.4451 39 0 33.5596 38.522 39 0 30.9423 38.6602 39 0 
22.5625 38.0754 39 0 28.6465 38.3219 39 0 30.9817 38.4493 39 0 31.5241 38.5316 38.9999 0 32.6332 38.6641 39 0 
24.9138 38.0189 38.9999 0 25.8728 38.3217 39 0 31.4304 38.455 38.9999 0 31.9227 38.5403 39 0 33.6278 38.6619 39 0 
21.362 37.9463 39 0 26.9065 38.2981 39 0 30.3956 38.4356 39 0 32.4609 38.5488 39 0 32.0069 38.6519 39 0 
17.9652 37.9138 39 0 27.4588 38.2643 39 0 28.0598 38.3922 39 0 27.9958 38.5465 39 0 30.135 38.6332 39 0 
13.8747 37.8422 38.9999 0 24.3711 38.2123 39 0 28.8554 38.386 38.9999 0 23.7196 38.5443 39 0 32.4526 38.6206 39 0 
18.7157 37.7395 38.9999 0 24.119 38.1786 39 0 26.9411 38.3472 39 0 20.0965 38.5418 39 0 29.0821 38.5891 39 0 
19.1584 37.6163 39 0 24.4343 38.1092 39 0 27.4672 38.308 39 0 25.9876 38.5348 39 0 30.147 38.565 39 0 
12.6868 37.5009 39 0 22.8296 38.0255 38.9999 0 23.0097 38.266 38.9999 0 28.3629 38.5172 39 0 30.6714 38.529 39 0 
