0.416765 2.38957 5.31398 0.538357 0.447608 2.40685 5.25347 0.538087 0.435109 2.40252 5.48086 0.543799 0.293444 2.39378 6.17921 0.543421 0.487281 2.39842 5.81205 0.554537 
0.396186 2.5131 7.24357 0.557048 0.396517 2.52224 5.53845 0.554865 0.334682 2.53401 6.44749 0.558972 0.343967 2.50921 5.52253 0.558001 0.347729 2.51384 6.32701 0.576806 
0.396186 2.64036 6.3864 0.588979 0.530384 2.65279 6.05398 0.57671 0.396572 2.65602 6.1105 0.593414 0.433792 2.62573 6.13211 0.581743 0.321044 2.6363 6.50493 0.594916 
0.342495 2.76706 6.13886 0.610088 0.346069 2.77525 6.75443 0.606344 0.400576 2.76222 6.63133 0.622888 0.452741 2.74582 5.92426 0.613742 0.417162 2.73625 6.211 0.604629 
0.372435 2.89323 6.47598 0.658002 0.424721 2.89931 6.17023 0.648033 0.448067 2.84534 6.43415 0.644483 0.404064 2.78356 6.57073 0.60718 0.55653 2.7685 6.73261 0.574734 
0.372435 2.99581 6.618 0.707244 0.474778 2.98773 6.99893 0.68974 0.553228 2.83906 6.42406 0.646872 0.338182 2.65504 5.98637 0.578836 0.545645 2.7048 6.41569 0.554285 
0.516422 2.88223 6.47598 0.666257 0.563841 2.95129 6.99893 0.649496 0.527656 2.68079 6.53127 0.616478 0.302722 2.46295 5.8644 0.529467 0.304022 2.56977 5.52178 0.514013 
0.454742 2.67445 7.32711 0.605579 0.36732 2.78786 6.19367 0.598497 0.411286 2.46496 6.51485 0.551735 0.256179 2.27268 5.76187 0.471074 0.304022 2.40831 5.4634 0.469031 
0.385148 2.45006 6.30049 0.541055 0.319248 2.61536 5.87441 0.53385 0.36234 2.25126 6.51485 0.483039 0.256179 2.10444 5.37936 0.42525 0.304022 2.23998 5.45281 0.418709 
0.176543 2.23813 5.95921 0.472375 0.428565 2.39289 5.69934 0.476954 0.302239 2.05666 5.30178 0.412465 0.227715 1.94252 4.88956 0.36861 0.364337 2.08163 5.25734 0.376005 
0.297279 2.04871 5.18188 0.40172 0.308265 2.20626 5.49464 0.428738 0.235718 1.88807 4.90072 0.34719 0.287681 1.79274 4.68845 0.318537 0.277444 1.94904 4.83958 0.341919 
0.274252 1.88294 5.42099 0.34634 0.365534 2.0195 4.95139 0.375953 0.211856 1.74483 4.47779 0.299736 0.161196 1.66315 4.58657 0.276624 0.278873 1.81817 4.34838 0.308215 
0.269141 1.73596 4.86974 0.304555 0.256813 1.84531 4.62013 0.322977 0.211856 1.62689 4.22426 0.262335 0.270967 1.54864 4.21338 0.246875 0.278873 1.69708 4.15801 0.274358 
0.154451 1.60934 4.54492 0.261656 0.241834 1.69723 4.5265 0.282501 0.133798 1.52247 4.04527 0.232524 0.191731 1.44722 4.21338 0.216189 0.191686 1.59295 3.8118 0.248108 
0.154451 1.49244 4.54492 0.226207 0.272262 1.57163 3.91346 0.243455 0.242051 1.42948 3.98748 0.206655 0.18138 1.36409 3.65136 0.193024 0.255313 1.49481 3.81936 0.222321 
0.154451 1.39716 3.73994 0.200817 0.219262 1.45931 4.11775 0.216346 0.218407 1.35524 3.40739 0.185711 0.182257 1.28707 3.63046 0.175406 0.222904 1.41049 3.81936 0.199085 
0.155374 1.30718 3.81936 0.178144 0.183226 1.36261 3.70255 0.195518 0.119493 1.27944 3.1451 0.168901 0.113494 1.21504 3.63046 0.159049 0.1362 1.33239 3.67237 0.175695 
0.168205 1.23495 3.42135 0.16284 0.19112 1.27479 3.70255 0.172758 0.15662 1.22257 3.10651 0.153229 0.136605 1.15824 3.19133 0.144283 0.21807 1.26401 3.06835 0.161922 
0.185232 1.16815 3.06341 0.145869 0.135047 1.19726 3.30533 0.154465 0.221023 1.15824 2.911 0.13756 0.154988 1.10677 3.27219 0.133191 0.213475 1.20436 2.93237 0.14721 
0.152503 1.11097 3.04351 0.130254 0.142351 1.13206 3.30533 0.139596 0.160882 1.09954 2.79332 0.125042 0.130896 1.05709 2.91888 0.122322 0.0852115 1.15254 2.86825 0.136399 
0.15653 1.05832 2.82279 0.118384 0.134296 1.07752 3.07275 0.127926 0.147031 1.05211 2.86684 0.117018 0.164547 1.01421 2.59056 0.112649 0.119881 1.10297 2.86825 0.126555 
0.12418 1.00623 2.80802 0.109644 0.134296 1.03441 2.52586 0.117651 0.140907 1.01275 2.9305 0.112208 0.1339 0.974088 2.54208 0.103628 0.119881 1.05654 2.71691 0.115997 
0.127597 0.967064 2.53491 0.10255 0.112623 0.988713 2.4482 0.108185 0.174636 0.973519 2.42013 0.101467 0.112765 0.944628 2.29314 0.0968886 0.119881 1.01379 2.70906 0.107482 
0.141701 0.93811 2.49992 0.0952893 0.100627 0.94743 2.5939 0.100408 0.146636 0.939432 2.4758 0.0950486 0.11447 0.913027 2.50153 0.0904327 0.0585217 0.977593 2.80901 0.10018 
0.149546 0.907792 2.60872 0.089823 0.119639 0.90335 2.5939 0.0935123 0.0999456 0.900902 2.35674 0.0873772 0.147944 0.88412 2.50153 0.085378 0.129997 0.940357 2.80901 0.0948337 
0.115238 0.878445 2.65045 0.0843315 0.123457 0.872017 2.5939 0.0876626 0.135543 0.878263 2.35471 0.081565 0.104732 0.855933 2.32953 0.0789706 0.103242 0.910413 2.31733 0.0877405 
0.147842 0.847905 2.22566 0.078819 0.075117 0.841956 2.38036 0.0822331 0.0679912 0.853762 2.40603 0.0784045 0.134911 0.835818 2.572 0.0751981 0.0508538 0.878153 2.52454 0.0822463 
0.0869114 0.820502 2.22566 0.0740051 0.075117 0.813222 2.17019 0.0785201 0.119667 0.827114 2.40603 0.074137 0.114371 0.815412 2.62811 0.0696856 0.147465 0.850866 2.31321 0.0766337 
0.0869114 0.793547 2.20458 0.0716535 0.100882 0.784907 2.15486 0.0735584 0.116889 0.805853 2.03527 0.0718495 0.114371 0.793277 2.14962 0.0665876 0.0924888 0.825481 2.00755 0.0731897 
0.116148 0.76947 2.01522 0.0670977 0.0746737 0.764529 2.16402 0.06862 0.0982786 0.786424 2.12627 0.0700972 0.112232 0.772523 1.99944 0.0628711 0.138435 0.797509 2.24725 0.0703016 
0.122815 0.74777 2.01357 0.0633757 0.101283 0.739369 2.16402 0.0643251 0.0982786 0.764344 2.06675 0.0680621 0.123065 0.753781 1.99319 0.0603566 0.133859 0.770343 2.24725 0.0656598 
0.130243 0.720869 1.93678 0.0590004 0.111947 0.717066 2.10716 0.0619623 0.100878 0.743216 2.06675 0.0637631 0.124297 0.730905 1.84947 0.0582056 0.0633239 0.74025 2.01854 0.063739 
0.0984025 0.690193 1.89525 0.0558239 0.0920028 0.70564 2.10716 0.0593752 0.0485643 0.716962 2.06675 0.0603064 0.0498979 0.702703 1.85094 0.0557926 0.115182 0.735747 1.95267 0.0622979 
0.0580123 0.679453 1.86226 0.0538022 0.0971943 0.687921 1.8488 0.0562257 0.0998981 0.702017 2.06675 0.0573339 0.0565247 0.693636 1.83455 0.0551296 0.0907789 0.715901 1.88624 0.0589612 
0.068846 0.673399 1.79381 0.0511408 0.075466 0.677688 1.8488 0.0553011 0.093688 0.685017 1.8976 0.0553964 0.0724619 0.679315 1.85605 0.0532815 0.110515 0.698994 1.92172 0.0563749 
0.068846 0.658113 1.79361 0.049746 0.0973382 0.660703 1.92038 0.0530534 0.0893088 0.667089 1.71889 0.0526088 0.0724619 0.665691 1.73601 0.0513471 0.101335 0.686554 1.92172 0.0563361 
0.068846 0.63948 1.93401 0.0478465 0.0887604 0.646644 1.62707 0.0501754 0.0991209 0.656712 1.71889 0.049513 0.0760945 0.655034 1.81396 0.05079 0.0865455 0.683952 1.92172 0.0555892 
0.0669778 0.627675 1.73836 0.0451761 0.0581506 0.639048 1.839 0.0495215 0.0859705 0.647988 1.89073 0.0491949 0.0267843 0.641232 1.69886 0.0483114 0.0705209 0.686229 1.79035 0.0570372 
0.0944569 0.612634 1.76082 0.0438282 0.0742179 0.621781 1.839 0.046683 0.0676313 0.638984 1.89073 0.0474255 0.0267843 0.628016 1.85711 0.0474095 0.0942374 0.701317 1.71776 0.0612206 
0.0536907 0.608309 1.85963 0.0428638 0.0754424 0.610099 1.839 0.0445561 0.0676313 0.626978 1.65979 0.0459294 0.0654501 0.617439 1.80881 0.0460355 0.125406 0.750361 1.8531 0.0683363 
0.0608923 0.597941 1.85963 0.0408943 0.0531589 0.601447 1.49347 0.0429754 0.0749414 0.613746 1.71337 0.0443026 0.0557612 0.611932 1.80881 0.043822 0.0956142 0.700834 1.72716 0.0592934 
0.0608923 0.588143 1.85963 0.0396023 0.0543004 0.594284 1.59844 0.0423033 0.0677293 0.606049 1.79321 0.0431198 0.057458 0.600603 1.6301 0.0437208 0.0813716 0.675616 1.65828 0.0538976 
0.0499403 0.581054 1.60551 0.0375836 0.0449995 0.606849 1.52664 0.0409394 0.0678959 0.590135 1.51675 0.041371 0.0466365 0.586418 1.53782 0.0415524 0.0719157 0.661921 1.72342 0.0522758 
0.0547016 0.571114 1.48116 0.0362509 0.0847816 0.58962 1.68306 0.0399979 0.0638097 0.584062 1.58172 0.0400025 0.0798676 0.577492 1.49514 0.0410937 0.0719157 0.646062 1.68843 0.0494726 
0.0466472 0.562511 1.39014 0.0353901 0.0840857 0.579903 1.68306 0.0392589 0.0462191 0.576371 1.53314 0.0392193 0.0601832 0.567688 1.49374 0.0402595 0.0896738 0.632996 1.59636 0.047555 
0.0767898 0.558044 1.59322 0.0347116 0.0885283 0.565934 1.54074 0.0379975 0.0553463 0.568468 1.45384 0.0375871 0.0528767 0.564464 1.56231 0.0384897 0.0931591 0.619121 1.60969 0.0453741 
0.0883624 0.550428 1.44844 0.0345677 0.0798862 0.556916 1.52421 0.0369908 0.048886 0.563055 1.44341 0.0367742 0.0528767 0.550001 1.56231 0.0366321 0.0879824 0.610663 1.67004 0.0439545 
0.0745069 0.544609 1.3993 0.0338648 0.0806951 0.542565 1.52224 0.0344676 0.0646246 0.556448 1.46553 0.0355832 0.0791138 0.54266 1.49543 0.0356686 0.0917003 0.601848 1.73327 0.0436413 
0.0745069 0.537171 1.42677 0.0330847 0.0619347 0.542557 1.4219 0.0337447 0.0713229 0.547763 1.47069 0.0347384 0.0480338 0.536078 1.4422 0.0351603 0.0906575 0.5901 1.61028 0.0423336 
0.0617368 0.531186 1.41044 0.0332479 0.0603251 0.53866 1.45362 0.0341636 0.0713229 0.531335 1.40972 0.0336921 0.0725869 0.530041 1.3921 0.0353852 0.0818946 0.579286 1.46709 0.0414162 
0.0619237 0.523031 1.43811 0.0321929 0.0911098 0.532665 1.29643 0.0335538 0.0864848 0.527762 1.45444 0.0324456 0.079537 0.532976 1.4391 0.0360807 0.0702632 0.569533 1.49083 0.0405125 
0.0688754 0.517118 1.43811 0.032143 0.0736551 0.533445 1.45973 0.0346786 0.0877511 0.522623 1.46805 0.0318773 0.0361558 0.532909 1.80234 0.0371634 0.0623932 0.556169 1.64357 0.0365324 
0.0506183 0.508973 1.60357 0.0313672 0.0587211 0.529819 1.44785 0.0337943 0.0801959 0.518582 1.46805 0.0317687 0.0550548 0.526648 1.48234 0.0382359 0.0587148 0.539649 1.5734 0.035439 
0.0780873 0.499009 1.60357 0.0296797 0.0604142 0.517948 1.35896 0.0330631 0.0705426 0.514765 1.33039 0.0314799 0.0702974 0.517015 1.49731 0.0373468 0.0592203 0.530213 1.44424 0.0339621 
0.0659836 0.49076 1.33196 0.0289721 0.0688894 0.508471 1.4163 0.0322674 0.0918486 0.499109 1.37151 0.0302 0.0417923 0.513527 1.52346 0.036062 0.100121 0.521623 1.4595 0.0331612 
0.0757355 0.483331 1.35409 0.0277348 0.0663724 0.501681 1.37273 0.0308368 0.0724056 0.491784 1.29023 0.0296092 0.0417923 0.506023 1.55327 0.0343955 0.0813328 0.512267 1.56399 0.0324538 
0.061697 0.473618 1.23315 0.026974 0.0768828 0.498891 1.37833 0.030163 0.0425897 0.486186 1.3658 0.0279464 0.0417923 0.505754 1.60717 0.0359713 0.065001 0.50549 1.39847 0.0315295 
0.0564313 0.472284 1.31925 0.026879 0.0793441 0.492296 1.25706 0.0295544 0.0590333 0.484267 1.35157 0.0265625 0.0384013 0.494338 1.59244 0.033059 0.0693575 0.493633 1.60907 0.0309159 
0.0621712 0.466746 1.58133 0.0268541 0.0705211 0.486248 1.22449 0.0290304 0.0650529 0.478036 1.44401 0.0250063 0.0533362 0.487595 1.41159 0.0310278 0.0735393 0.488134 1.50343 0.0303108 
0.055385 0.46214 1.24892 0.0264236 0.0466653 0.480133 1.58133 0.0285996 0.0778811 0.470391 1.3096 0.0244332 0.0620388 0.479305 1.35267 0.0300208 0.0888041 0.483129 1.35354 0.0289913 
0.0710807 0.457001 1.18423 0.0252412 0.0529368 0.470875 1.29814 0.0274802 0.0640305 0.465999 1.29065 0.0239749 0.0686943 0.475354 1.64976 0.0288847 0.0805303 0.47274 1.31675 0.0281361 
0.0107842 0.448786 1.2301 0.0243459 0.0611458 0.463485 1.35032 0.0263547 0.0478363 0.462224 1.25226 0.0235349 0.0337228 0.471887 1.48207 0.0286259 0.074015 0.466639 1.33674 0.0271638 
-0.00491607 0.435448 1.26641 0.0242901 0.0611458 0.458177 1.35032 0.0256025 0.0661068 0.460327 1.22408 0.0233734 0.0337228 0.46503 1.48207 0.0277152 0.055538 0.455567 1.50566 0.0260841 
-0.00491607 0.433519 1.2646 0.0235838 0.0641128 0.452441 1.21499 0.0254342 0.0555441 0.453084 1.15752 0.0225251 0.0355756 0.458058 1.3635 0.0268298 0.035594 0.453655 1.2981 0.0248172 
0.0568896 0.425986 1.25183 0.0223713 0.0680085 0.449626 1.30277 0.025403 0.049514 0.445912 1.16013 0.022043 0.0498869 0.450284 1.2322 0.0253287 0.0712871 0.449547 1.2981 0.0244879 
0.0234614 0.420754 1.14401 0.0223669 0.0611963 0.44171 1.26281 0.0243573 0.0266803 0.441106 1.1289 0.0219923 0.065456 0.448304 1.33509 0.025499 0.0712871 0.441897 1.25782 0.0241579 
0.0523769 0.417698 1.14342 0.021476 0.065452 0.437185 1.26281 0.0239701 0.0666369 0.433961 1.29897 0.0216581 0.0518817 0.445343 1.41713 0.0254542 0.0635089 0.438673 1.30791 0.0240443 
0.0551602 0.412762 1.13383 0.0211278 0.0516576 0.430034 1.12279 0.0229764 0.0524673 0.42581 1.11039 0.0204072 0.0345587 0.438372 1.2931 0.0246688 0.0396967 0.434651 1.40745 0.0233941 
0.0541895 0.410879 1.20294 0.0207666 0.0736992 0.428459 1.25676 0.0228186 0.0662513 0.420652 1.23873 0.0196492 0.00544858 0.431438 1.17915 0.0236845 0.0637503 0.432491 1.17723 0.0232997 
0.0540319 0.405045 1.33094 0.0206036 0.0317453 0.421276 1.17159 0.0222238 0.0675143 0.417425 1.07534 0.0197083 0.0572583 0.428612 1.23019 0.0229495 0.0615748 0.43167 1.16361 0.0229871 
0.0320939 0.398723 1.08584 0.020641 0.0317453 0.415475 1.1107 0.0213897 0.0715422 0.417313 1.18233 0.0197189 0.0332432 0.425671 1.23019 0.0219167 0.052541 0.428126 1.13788 0.022393 
0.0400563 0.393022 1.09077 0.0198449 0.0478606 0.411176 1.05885 0.0206693 0.0690438 0.413509 1.1265 0.019165 0.0332432 0.423967 1.14475 0.0215384 0.0759311 0.422286 1.17538 0.0218651 
0.0397294 0.388403 1.09432 0.0192828 0.0628489 0.4084 1.16247 0.0200777 0.0508507 0.412143 1.19117 0.0193489 0.0320276 0.419357 1.14475 0.0214084 0.0442966 0.415627 1.1586 0.0211067 
0.0585933 0.379872 1.09432 0.018541 0.0501605 0.4072 1.16247 0.0203671 0.0502789 0.412595 1.32532 0.0203384 0.0433927 0.417113 1.16442 0.0214637 0.0628641 0.405005 1.31888 0.0206808 
0.0599753 0.365283 1.12542 0.0172569 0.0346887 0.401468 1.1169 0.0199825 0.0444551 0.408332 1.29332 0.0192024 0.0433927 0.411875 1.26811 0.0206951 0.0506193 0.404758 1.31888 0.0205016 
0.0550964 0.338866 1.11054 0.0148706 0.0459517 0.396712 1.11924 0.0194797 0.0627451 0.404783 1.09463 0.0189392 0.0567527 0.405286 1.14914 0.0201642 0.0649469 0.399677 1.10239 0.0202551 
0.045921 0.348318 1.02945 0.0157437 0.0335938 0.388931 1.17951 0.0194798 0.0588685 0.403131 1.10453 0.0185696 0.0583731 0.398125 1.14914 0.0196899 0.0495476 0.397918 1.10615 0.0203348 
0.0527916 0.350884 1.1276 0.0168076 0.0409644 0.387549 1.04157 0.0188524 0.0681295 0.399984 1.08839 0.0181289 0.0372855 0.395671 1.07957 0.019426 0.058138 0.392341 1.14971 0.0198254 
0.0392275 0.348638 1.06844 0.0160132 0.0607182 0.380143 1.2276 0.0183558 0.0533442 0.392469 1.10084 0.0179017 0.0510881 0.39026 1.02201 0.0183382 0.0690006 0.38783 1.0273 0.0187208 
0.0392275 0.346202 1.12757 0.0157393 0.0612191 0.376484 1.11462 0.0178281 0.0530938 0.390414 1.18183 0.0174163 0.0682205 0.383494 1.05107 0.0173826 0.066884 0.380715 1.10335 0.0182176 
0.051293 0.343632 1.09119 0.0151097 0.0576764 0.368034 1.06263 0.0165599 0.0530938 0.391539 1.15959 0.016248 0.0487349 0.380597 1.06327 0.0173387 0.0641872 0.378762 1.09521 0.0180114 
0.0562747 0.340978 1.1463 0.0147167 0.0576764 0.364432 0.993701 0.0161373 0.0487557 0.393059 1.04588 0.0149824 0.0472606 0.37907 1.02648 0.0169287 0.0638409 0.377104 1.05358 0.0179634 
0.0449714 0.338234 1.08993 0.014282 0.0542897 0.363052 1.02536 0.0158221 0.0290354 0.388628 1.02286 0.0157849 0.0434343 0.377965 1.1463 0.0171642 0.0641872 0.374816 1.07146 0.0175913 
0.0573619 0.336459 1.09482 0.0139117 0.0609882 0.362143 0.963159 0.0155466 0.0510058 0.385595 1.0045 0.0156154 0.0472609 0.374619 1.21762 0.016651 0.0511168 0.369613 1.13685 0.0173094 
0.0444953 0.338538 1.05237 0.0144426 0.0609882 0.360027 1.12373 0.0156585 0.0463193 0.377028 1.04577 0.0155967 0.0494809 0.369274 0.972632 0.0160827 0.0694155 0.367388 1.13685 0.0169088 
0.0352756 0.334404 0.998834 0.0137453 0.0367953 0.354095 0.928383 0.0151838 0.0471923 0.374944 1.04577 0.0152039 0.0340682 0.364013 1.01827 0.0157755 0.0539425 0.361639 1.18914 0.0163405 
0.0524917 0.33261 1.02032 0.0130801 0.0367953 0.349615 0.90981 0.0147164 0.0578077 0.373878 1.05585 0.0152328 0.0473666 0.361178 1.02268 0.0160076 0.0459481 0.356558 1.15929 0.0158639 
0.050721 0.328927 1.14083 0.0130501 0.0367953 0.345819 0.948539 0.0140167 0.045976 0.370473 0.999591 0.0149122 0.063426 0.359773 0.925346 0.0155407 0.0619397 0.352173 1.15929 0.0155469 
0.0422074 0.328859 1.14083 0.0131635 0.0549341 0.3427 0.936159 0.0138361 0.00953319 0.366428 1.06643 0.0145902 0.0518684 0.361965 0.901983 0.0158296 0.0356865 0.351449 1.15929 0.0151006 
0.0424758 0.327036 0.903522 0.0129006 0.0249883 0.340123 0.940277 0.0133417 0.041885 0.361823 0.929989 0.0145239 0.0478644 0.356315 0.96027 0.0151981 0.0498093 0.349421 1.16333 0.0149783 
0.0424758 0.325947 0.929644 0.0125397 0.0276026 0.335399 0.91844 0.0128704 0.0432539 0.362588 0.929989 0.0146584 0.0471711 0.353004 1.0262 0.0145485 0.0453552 0.347932 0.971241 0.0147359 
0.0516756 0.322253 0.975683 0.0123227 0.0259183 0.331593 0.91844 0.0125594 0.0551784 0.355687 0.985786 0.0140896 -0.024032 0.349849 1.0262 0.0140746 0.0582388 0.342288 1.04672 0.0142377 
0.0426565 0.318743 0.988665 0.01195 0.0259183 0.32523 0.905732 0.0122852 0.0418252 0.353735 1.03726 0.0142678 -0.0160518 0.349411 0.968503 0.0142137 0.0513107 0.336246 0.990643 0.013965 
0.0498759 0.318332 1.10976 0.011633 0.0452431 0.323209 0.983246 0.0120212 0.0494781 0.351867 0.934592 0.0143322 -0.0160518 0.337886 0.968503 0.0139826 0.0403839 0.330437 0.990643 0.0133995 
0.0409763 0.318107 0.930055 0.0118038 0.0452431 0.320742 0.87746 0.011401 0.0192578 0.345599 0.915048 0.0139314 0.0621583 0.333138 0.953878 0.0134653 0.0549327 0.328622 0.958957 0.0130973 
0.0452461 0.321825 0.841368 0.0118224 0.0630365 0.320471 0.886909 0.0114557 -0.00549353 0.340066 0.931069 0.0134888 0.0414032 0.329324 0.954418 0.0134244 0.0425185 0.326978 0.954804 0.0125669 
0.0360321 0.326728 0.962717 0.0113453 0.044665 0.317373 0.842138 0.011355 -0.0347709 0.335129 0.896452 0.0132857 0.053804 0.324168 1.04292 0.0131 0.0530727 0.323251 0.902429 0.0127163 
0.0360321 0.318856 0.889753 0.0113837 0.0464933 0.315751 0.920308 0.0110003 -0.0186136 0.330953 0.888181 0.0127325 0.0573923 0.319611 0.861743 0.0128207 0.0530727 0.319456 0.938676 0.0124359 
0.0521897 0.313992 0.834541 0.0111231 0.0430733 0.313849 0.84208 0.0108846 -0.0186136 0.327154 0.885939 0.0124175 -0.0726039 0.316852 0.847053 0.0124566 0.047279 0.317888 0.941549 0.0123986 
0.0449728 0.311091 0.9014 0.0108034 0.0454002 0.310642 0.786502 0.0107637 -0.0186136 0.323519 0.824947 0.0120361 0.0206259 0.315022 0.847053 0.0122096 0.0473387 0.317382 0.999894 0.0126949 
