1.27631 4.16578 7.44661 0.875117 1.06192 4.15656 8.43992 0.881814 1.36104 4.17982 8.50832 0.899439 1.07422 4.15538 8.74509 0.913441 1.0731 4.16832 8.95469 0.911608 
1.17883 4.35307 7.33861 0.915162 1.06192 4.38323 7.061 0.919177 1.2555 4.35348 8.50832 1.05191 1.19994 4.17 7.75769 1.13226 0.997181 3.94034 8.95469 1.0667 
1.46139 4.78903 7.33861 0.912186 1.72129 4.68433 7.02998 0.988404 1.48945 4.45684 7.88002 1.63442 1.19804 3.84658 7.35019 2.141 1.08147 3.4494 7.33992 1.44945 
1.49251 4.68904 6.39963 1.29275 2.11469 4.90833 7.02998 1.24908 1.22558 4.20305 7.88002 3.3732 0.947823 2.55097 6.68629 1.97565 0.827882 2.66456 6.66297 1.22077 
1.58222 3.22396 5.94605 2.49062 2.19582 3.98555 6.78217 2.61905 1.14863 2.35493 5.60065 1.85182 0.731854 1.74918 6.0375 0.542455 0.785385 2.0696 6.3887 0.546608 
1.40414 2.27285 5.37093 1.46698 1.66619 2.64439 5.7402 2.13883 0.954634 1.7241 5.60065 0.9307 0.521199 1.46096 4.4893 0.229607 0.732046 1.7367 5.64318 0.281023 
0.703544 1.45309 2.16503 0.24025 1.07889 2.20838 5.7402 1.01511 0.609176 1.3426 2.32524 0.145054 0.450334 1.26927 2.50321 0.164844 0.448309 1.50152 3.17302 0.171815 
0.899301 1.45541 2.4933 0.112591 0.770356 1.47743 2.0155 0.116726 0.62336 1.25569 2.13862 0.113571 0.284912 1.11835 2.45791 0.119423 0.387311 1.36267 3.07045 0.148692 
0.56553 1.2845 2.01989 0.131803 0.6221 1.31677 2.37479 0.158207 0.496615 1.12273 2.1862 0.0902463 0.286837 1.00004 2.41939 0.0875877 0.320143 1.24986 2.78083 0.138967 
0.367482 1.07051 2.13967 0.112318 0.500186 1.10567 2.14499 0.104974 0.320186 1.04551 2.3039 0.0935036 0.237728 0.917589 2.31876 0.0765847 0.208488 1.13902 3.13645 0.122686 
0.354805 0.965432 1.93337 0.0867734 0.32292 0.971798 2.08982 0.088449 0.202476 0.958352 2.17852 0.0808388 0.213295 0.853818 2.17914 0.0675081 0.196469 1.04348 3.351 0.106318 
0.342103 0.909147 1.97729 0.0821229 0.25039 0.882648 2.03841 0.0741001 0.202476 0.872705 1.86094 0.0700164 0.211456 0.795934 2.09628 0.0579165 0.151693 0.964567 3.351 0.0929834 
0.189119 0.811591 1.79815 0.0650726 0.170682 0.796748 1.89371 0.062973 0.166664 0.80985 1.95565 0.061829 0.164236 0.745577 2.18157 0.0523499 0.144372 0.895284 3.351 0.0828738 
0.13576 0.732006 1.90463 0.0541341 0.14186 0.727494 1.89393 0.0502665 0.13701 0.747789 2.00587 0.0540398 0.194166 0.700558 2.18157 0.0460778 0.164393 0.836078 2.71794 0.076191 
0.137828 0.668748 1.76621 0.0462103 0.15462 0.670975 1.63821 0.0431058 0.169705 0.697945 1.99533 0.0478179 0.196943 0.66338 1.79006 0.0411963 0.142153 0.782985 2.41652 0.0665628 
0.134232 0.61683 1.70976 0.0395376 0.103992 0.62353 2.10624 0.0372136 0.149603 0.651273 1.84628 0.042526 0.181078 0.629001 1.76322 0.0367628 0.116616 0.730682 2.22109 0.0583268 
0.104225 0.5723 1.67304 0.03346 0.121004 0.586095 1.44294 0.0327046 0.0746805 0.609903 1.83092 0.0371995 0.108307 0.598539 1.66429 0.0330117 0.122448 0.687638 1.93793 0.0518682 
0.0753128 0.534369 1.55293 0.0293567 0.138458 0.551653 1.68781 0.0291783 0.134887 0.574897 1.61904 0.033214 0.108307 0.569828 1.4764 0.0294385 0.139854 0.647869 1.93742 0.0461402 
0.106498 0.505626 1.35442 0.0261257 0.118108 0.523336 1.42647 0.026113 0.106133 0.548137 1.39026 0.0303041 0.0688243 0.547396 1.44646 0.0277309 0.120564 0.608611 1.9836 0.0416607 
0.120305 0.479801 1.37466 0.0232666 0.0797377 0.498013 1.22136 0.0231129 0.14833 0.521043 1.40729 0.0275998 0.0688243 0.525813 1.44614 0.0250005 0.120564 0.581264 1.63021 0.0369032 
0.0691469 0.45785 1.3134 0.0209569 0.0426382 0.474916 1.21155 0.0212777 0.096605 0.496648 1.33815 0.0255277 0.124855 0.507887 1.35555 0.0233916 0.0921346 0.555351 1.63021 0.0336255 
0.106178 0.438989 1.21818 0.0198797 0.0426382 0.45613 1.19114 0.0198849 0.0886624 0.474181 1.37015 0.023553 0.121571 0.490316 1.39064 0.0208716 0.0889783 0.532752 1.57369 0.0312282 
0.0999696 0.421643 1.14661 0.0180532 0.0942128 0.436627 1.12766 0.017949 0.0703301 0.454736 1.21935 0.0218092 0.102349 0.47515 1.23793 0.0194803 0.0853256 0.508193 1.51276 0.0290914 
0.0996918 0.405875 1.13948 0.01622 0.0686395 0.421463 1.00193 0.0164614 0.0729419 0.437339 1.2169 0.0199502 0.108776 0.460483 1.23622 0.0182172 0.0911643 0.488699 1.50371 0.0271713 
0.062186 0.391213 1.05228 0.0149898 0.0686395 0.407438 1.07122 0.0158885 0.0810928 0.424024 1.15168 0.019032 0.0903967 0.447013 1.06039 0.0172233 0.0894388 0.470921 1.29398 0.0247707 
0.0627932 0.37667 1.05339 0.0135385 0.0454384 0.395619 1.00983 0.0146366 0.0775335 0.409322 1.11943 0.0180458 0.089687 0.434186 1.25846 0.0160943 0.0725326 0.45515 1.32417 0.0234201 
0.0665755 0.363525 1.00073 0.012935 0.0952644 0.38312 1.02313 0.0140829 0.0446456 0.394025 1.02952 0.0166355 0.0263183 0.42358 1.27453 0.0158883 -0.0132675 0.442502 1.24021 0.0224162 
0.0700331 0.353569 1.01249 0.0123354 0.0316163 0.372955 0.939925 0.0136463 0.0107706 0.382781 0.997799 0.0156057 0.0111084 0.412535 1.0577 0.0146243 0.0752396 0.428867 1.22203 0.0210159 
0.0588997 0.344437 1.0734 0.012126 0.0316163 0.365128 0.97223 0.01279 0.0107706 0.371602 0.968879 0.0149414 0.100654 0.402658 1.0646 0.0134385 0.068067 0.417126 1.19579 0.0195399 
0.0603625 0.335196 0.849417 0.0113671 0.0440693 0.356539 0.900581 0.0123712 0.0276902 0.36052 0.943045 0.0138966 0.0972721 0.392596 1.08226 0.0130655 0.0643403 0.405472 1.44831 0.0191033 
0.0652068 0.328351 0.889525 0.011008 -0.021896 0.34846 0.900581 0.0115371 0.0542974 0.349234 0.996972 0.0127121 0.0646378 0.383248 1.0386 0.0125163 0.0271705 0.393258 1.28403 0.0175175 
0.0168466 0.318986 0.847286 0.0105842 -0.00764652 0.340041 1.03814 0.0110092 0.0324009 0.340638 0.979577 0.012289 0.0746896 0.374897 1.04383 0.0114466 0.0366872 0.381981 1.10341 0.0164977 
0.0583285 0.312044 0.930453 0.0099735 -0.02941 0.333361 0.898285 0.0107349 0.0119405 0.333279 0.889305 0.0120593 0.0465121 0.366032 0.905974 0.0112007 0.0333006 0.371765 1.30544 0.0153871 
0.034284 0.304262 0.791172 0.00937173 -0.0762093 0.325292 0.935368 0.0103562 -0.0140866 0.324399 0.967448 0.0116402 0.0864271 0.360315 0.849259 0.0108856 0.0695888 0.364422 1.01881 0.0145625 
-0.0518306 0.297176 0.808287 0.00911326 -0.049117 0.319157 0.830131 0.00981343 -0.0332782 0.317508 0.9008 0.0112645 0.0752344 0.354069 1.01816 0.0106865 -0.0115591 0.355473 0.957096 0.0138498 
-0.0268788 0.290274 0.836225 0.0089949 -0.0531651 0.311537 0.88118 0.00934029 -0.0744194 0.310627 1 0.0106461 0.0765228 0.349575 0.903238 0.010226 -0.0273594 0.347978 0.957096 0.0131902 
-0.0638394 0.283341 0.821517 0.00829745 -0.0721285 0.303457 0.807984 0.00921055 -0.0266029 0.304097 0.844924 0.0103521 0.0746893 0.342219 0.88471 0.0098976 -0.0179865 0.340359 0.973722 0.0125581 
-0.00122846 0.279145 0.786837 0.00813393 -0.0543615 0.297121 0.825206 0.00898174 -0.0625283 0.29743 0.852929 0.00994635 0.0644429 0.335676 0.825657 0.00950676 -0.00856733 0.332216 1.09983 0.0120074 
-0.0167747 0.273614 0.759083 0.00770426 -0.0657483 0.29093 0.773986 0.00843426 -0.0636171 0.291072 0.821691 0.00937282 -0.00344894 0.331803 0.878027 0.00948868 -0.04899 0.325113 0.89027 0.0117252 
-0.0439278 0.269455 0.802583 0.00755078 -0.0638615 0.286295 0.681635 0.00836661 -0.0475961 0.285689 0.717524 0.00913027 -0.0370773 0.325524 0.873349 0.00907317 -0.0616996 0.316074 0.885561 0.0110175 
-0.0647248 0.26563 0.713106 0.00738874 -0.0941806 0.281323 0.820868 0.00825793 -0.0512339 0.280331 0.758965 0.00871438 0.0737541 0.319711 0.781008 0.00887388 -0.103537 0.307683 0.814165 0.0106395 
-0.0959626 0.260032 0.680835 0.00714223 -0.104707 0.277207 0.701395 0.00794655 -0.0919651 0.274784 0.684952 0.00837108 0.0411543 0.315584 0.869762 0.00895289 -0.0507192 0.301548 0.880717 0.0103394 
-0.134074 0.254925 0.680835 0.00692794 -0.0609124 0.272392 0.706316 0.00776476 -0.094476 0.269503 0.730504 0.00812293 0.0443728 0.310029 0.808915 0.00858059 -0.0885348 0.295134 0.762551 0.00997961 
-0.105469 0.250801 0.671046 0.00676288 -0.188635 0.26762 0.692134 0.00753834 -0.109729 0.263842 0.654949 0.00783056 -0.0263773 0.304888 0.802137 0.00864675 -0.0987154 0.290374 0.892176 0.00971118 
-0.120726 0.24725 0.656307 0.00673142 -0.137242 0.262219 0.676616 0.00729484 -0.070664 0.259423 0.716721 0.00780954 -0.0642334 0.301695 0.802137 0.0082482 -0.0954714 0.286015 0.923911 0.00946319 
-0.121874 0.24163 0.720061 0.00664404 -0.155679 0.259211 0.629464 0.00733497 -0.0915515 0.255491 0.6754 0.00773472 -0.0228586 0.296689 0.765105 0.00788385 -0.100689 0.281101 0.834289 0.00931651 
-0.0988653 0.237119 0.662821 0.00614681 -0.245539 0.255072 0.702609 0.00729492 -0.0915515 0.251727 0.673558 0.00744137 -0.0595945 0.289946 0.738618 0.00775173 -0.118708 0.276668 0.725042 0.00885283 
-0.0951731 0.234577 0.602256 0.00603234 -0.143051 0.251251 0.702609 0.0073714 -0.0891513 0.248958 0.639477 0.00738291 -0.0364803 0.285864 0.735243 0.00772394 -0.19675 0.2724 0.785682 0.00853764 
-0.198303 0.230417 0.636714 0.00614162 -0.226606 0.244853 0.717213 0.00704676 -0.162106 0.245454 0.722724 0.00728239 -0.0326353 0.281949 0.763447 0.00751645 -0.103976 0.268373 0.755812 0.00830875 
-0.18829 0.22568 0.703743 0.00601223 -0.202079 0.243031 0.621729 0.00692556 -0.163206 0.24162 0.637983 0.00710301 -0.0774734 0.279136 0.792431 0.00740796 -0.161268 0.264118 0.759672 0.00840698 
-0.123892 0.222669 0.577106 0.00584365 -0.202079 0.23868 0.628214 0.00688487 -0.084326 0.239034 0.744243 0.0068545 -0.0669388 0.275025 0.74684 0.00694808 -0.229189 0.259725 0.800961 0.00865611 
-0.217684 0.218972 0.602649 0.00582978 -0.165429 0.23407 0.597388 0.0069698 -0.130939 0.235613 0.627227 0.00655464 -0.0477015 0.272832 0.706394 0.00710931 -0.160571 0.256683 0.754157 0.00855358 
-0.227135 0.214462 0.552712 0.00589817 -0.211351 0.229642 0.605907 0.00690957 -0.237294 0.232627 0.595009 0.00644359 -0.0757586 0.268669 0.73234 0.00693908 -0.194332 0.254433 0.751302 0.00838077 
-0.211584 0.211308 0.571552 0.00586508 -0.213677 0.226477 0.569734 0.00691519 -0.261161 0.230051 0.575659 0.00644327 -0.0963944 0.265261 0.702811 0.0069389 -0.228749 0.249672 0.668572 0.00798378 
-0.117535 0.208617 0.583555 0.00593215 -0.24314 0.223806 0.663005 0.00685726 -0.116965 0.226464 0.658699 0.0064153 -0.042362 0.261463 0.681674 0.00690764 -0.235245 0.246101 0.71499 0.00796392 
-0.150528 0.206296 0.582861 0.00592859 -0.234867 0.220882 0.623621 0.00702787 -0.222261 0.220813 0.670922 0.00648287 -0.0954917 0.259919 0.724404 0.00695374 -0.182109 0.242592 0.675536 0.00806272 
-0.190473 0.203819 0.634199 0.00603398 -0.194859 0.216941 0.683248 0.00714459 -0.19939 0.21722 0.602312 0.0064816 -0.13833 0.255 0.748775 0.00707687 -0.218265 0.237968 0.68501 0.00814746 
-0.134501 0.200549 0.645531 0.00613632 -0.193928 0.21111 0.615062 0.00737314 -0.15857 0.214039 0.630192 0.00652193 -0.108486 0.252021 0.763085 0.00698426 -0.259562 0.233963 0.760479 0.00820079 
-0.190896 0.198751 0.564426 0.00625311 -0.228288 0.208088 0.607443 0.00753547 -0.200399 0.211941 0.583185 0.00675 -0.135103 0.248146 0.690602 0.0067837 -0.258812 0.229505 0.707353 0.00843757 
-0.246801 0.194553 0.576625 0.0064065 -0.249592 0.203192 0.57904 0.00793779 -0.274978 0.209405 0.579203 0.00665571 -0.132201 0.243903 0.827051 0.00657285 -0.324267 0.224971 0.650016 0.00840275 
-0.238987 0.190076 0.522123 0.006423 -0.262362 0.198828 0.559579 0.00818095 -0.216574 0.204672 0.573882 0.00655438 -0.157133 0.240173 0.721996 0.0066431 -0.259438 0.220851 0.619908 0.00834614 
-0.348654 0.184473 0.562688 0.00682374 -0.279891 0.19528 0.601947 0.00839142 -0.218668 0.200265 0.583233 0.00649943 -0.136975 0.23695 0.793068 0.00656649 -0.194378 0.216548 0.696357 0.00834373 
-0.307787 0.179917 0.493921 0.00705691 -0.260337 0.191017 0.518269 0.0086159 -0.234853 0.197077 0.563656 0.00702435 -0.174259 0.232684 0.79108 0.00677054 -0.367626 0.213347 0.716314 0.00837837 
-0.307787 0.175623 0.490628 0.00745593 -0.301156 0.185764 0.596881 0.00906015 -0.291668 0.193032 0.56685 0.00715036 -0.155742 0.229084 0.601842 0.00668168 -0.291752 0.209451 0.638316 0.00847556 
-0.475981 0.172314 0.491217 0.0076985 -0.301156 0.181263 0.572482 0.00953241 -0.229915 0.18835 0.583087 0.00720681 -0.204746 0.225116 0.56044 0.00669704 -0.382343 0.204614 0.665659 0.00879657 
-0.500928 0.167799 0.471051 0.00823144 -0.272952 0.175469 0.579408 0.00979048 -0.265148 0.183608 0.54265 0.00749515 -0.202581 0.221991 0.586054 0.00679487 -0.340486 0.201496 0.665659 0.00905755 
-0.380863 0.163471 0.483237 0.00860544 -0.383249 0.170374 0.695739 0.0101028 -0.318045 0.181203 0.604699 0.00772008 -0.272849 0.217822 0.578882 0.00690338 -0.381841 0.197906 0.719702 0.00936356 
-0.504012 0.160983 0.542029 0.00913669 -0.454586 0.162537 0.592697 0.0111012 -0.3439 0.177235 0.518425 0.00820776 -0.274555 0.21371 0.563865 0.0072554 -0.335466 0.193824 0.707126 0.00974201 
-0.473905 0.154045 0.518409 0.00950998 -0.435501 0.155875 0.538116 0.0116679 -0.3439 0.172704 0.600509 0.00845153 -0.299612 0.208304 0.562015 0.00752622 -0.326402 0.190779 0.623975 0.00970857 
-0.43532 0.149287 0.4536 0.0100541 -0.384172 0.151881 0.534594 0.0120548 -0.371059 0.167676 0.592712 0.00888175 -0.250048 0.203524 0.656938 0.00784548 -0.490542 0.185484 0.633097 0.0101961 
-0.63437 0.144615 0.455606 0.0103987 -0.378459 0.145707 0.573141 0.0123164 -0.379427 0.164088 0.611838 0.00905674 -0.401354 0.199507 0.631942 0.00823634 -0.379188 0.181482 0.612568 0.010398 
-0.421369 0.139239 0.516237 0.011556 -0.450201 0.140348 0.60723 0.0124587 -0.507913 0.159684 0.520607 0.00949517 -0.297959 0.19522 0.62352 0.00837784 -0.422054 0.175725 0.633545 0.0106306 
-0.464736 0.133322 0.615549 0.0124772 -0.47369 0.133547 0.483527 0.0128797 -0.415593 0.155601 0.480272 0.00990498 -0.422469 0.190496 0.525095 0.0085111 -0.497238 0.170081 0.593815 0.0112295 
-0.525302 0.128607 0.513399 0.01263 -0.453701 0.126171 0.511293 0.0134412 -0.457276 0.151999 0.650186 0.0104249 -0.414969 0.185635 0.658096 0.00913552 -0.497238 0.163545 0.639093 0.0115365 
-0.525307 0.120585 0.609797 0.0139222 -0.466249 0.117682 0.496347 0.0145362 -0.477742 0.147121 0.650186 0.010871 -0.569693 0.180761 0.532503 0.00946508 -0.540665 0.156176 0.559097 0.0124635 
-0.644632 0.113581 0.468876 0.0148871 -0.466249 0.110917 0.513935 0.0153681 -0.588479 0.141642 0.581641 0.0114395 -0.422181 0.177192 0.555639 0.00989286 -0.477735 0.150016 0.685139 0.0134239 
-0.494083 0.107625 0.458103 0.0157957 -0.472008 0.103382 0.570002 0.0164082 -0.433592 0.135735 0.638077 0.0120553 -0.38768 0.171846 0.597863 0.0103653 -0.445405 0.144052 0.610361 0.0136708 
-0.495715 0.101703 0.478369 0.01644 -0.552327 0.0963638 0.553796 0.0168271 -0.4317 0.130107 0.497788 0.0124528 -0.425281 0.167135 0.569137 0.0107854 -0.479074 0.140023 0.516448 0.0142587 
-0.678571 0.0934846 0.464125 0.0174971 -0.675489 0.0913438 0.553998 0.0170442 -0.49904 0.123297 0.471518 0.0131467 -0.441791 0.162585 0.579733 0.0112471 -0.541363 0.131483 0.495363 0.0152344 
-0.679511 0.0861613 0.439889 0.0186115 -0.499292 0.0813347 0.544223 0.0178543 -0.547755 0.115644 0.477258 0.0137645 -0.384112 0.157223 0.570131 0.0115777 -0.496835 0.1248 0.486071 0.0163233 
-0.624791 0.0777825 0.504352 0.0196235 -0.648277 0.0722282 0.476685 0.0191119 -0.516443 0.108512 0.429189 0.0144538 -0.460809 0.15141 0.610256 0.0123896 -0.578779 0.118155 0.583359 0.0170669 
-0.635323 0.0687519 0.41582 0.0210669 -0.519603 0.0633688 0.446132 0.02032 -0.543144 0.102258 0.620526 0.0154861 -0.48218 0.146671 0.542465 0.0127016 -0.763805 0.109368 0.520795 0.0183028 
-0.608392 0.0598782 0.418932 0.0219936 -0.624213 0.053259 0.551154 0.0215286 -0.581074 0.0948864 0.45527 0.0161695 -0.491011 0.140426 0.480702 0.013123 -0.692526 0.100683 0.569786 0.0192347 
-0.661567 0.0525295 0.463188 0.0230991 -0.644646 0.0442313 0.490425 0.0221988 -0.571148 0.0882492 0.476836 0.0167849 -0.465 0.13354 0.515873 0.014466 -0.651024 0.0912417 0.649743 0.019961 
-0.723857 0.0416736 0.410105 0.0250294 -0.702441 0.0359787 0.488424 0.0225697 -0.554754 0.082062 0.456677 0.0178099 -0.475079 0.126965 0.510523 0.0151642 -0.667222 0.0806578 0.58794 0.0212374 
-0.774749 0.0328663 0.445747 0.0255287 -0.683766 0.0251018 0.605532 0.0230047 -0.597576 0.0739565 0.439745 0.0189368 -0.668193 0.118549 0.521487 0.0159591 -0.805829 0.069934 0.509202 0.0219507 
-0.933779 0.022225 0.390434 0.0270219 -0.771691 0.0153726 0.556129 0.0242554 -0.591516 0.0654785 0.47574 0.019801 -0.512492 0.109879 0.530998 0.0166162 -0.805829 0.0588619 0.543603 0.0235433 
-0.849928 0.0116206 0.412901 0.0285823 -0.673714 0.00562663 0.621067 0.0250763 -0.624775 0.0539688 0.487399 0.0208768 -0.778555 0.101018 0.510089 0.0179163 -0.665423 0.047624 0.543603 0.0253601 
-0.956922 -0.00137144 0.391911 0.0297556 -0.785971 -0.00871754 0.621067 0.0256665 -0.739945 0.0432031 0.453324 0.0223988 -0.679347 0.0913166 0.50587 0.019459 -0.761113 0.0339335 0.62694 0.0266472 
-0.742863 -0.0160095 0.477225 0.0318086 -0.870166 -0.0212758 0.555375 0.0274633 -0.739945 0.0307612 0.464226 0.023723 -0.60157 0.0794445 0.468213 0.0206364 -0.936401 0.0207971 0.465727 0.0280609 
-0.742863 -0.0294934 0.414337 0.0330851 -0.906718 -0.031004 0.46966 0.02786 -0.811762 0.0159553 0.528216 0.0250979 -0.68119 0.067353 0.468213 0.0223793 -0.883808 0.00831343 0.467859 0.0293059 
-0.857741 -0.0431844 0.433237 0.0339523 -0.882592 -0.0430902 0.442256 0.0287267 -0.902577 0.00280698 0.415803 0.0262502 -0.712721 0.0580893 0.487573 0.0231367 -0.844126 -0.00661608 0.490217 0.0314239 
-0.913814 -0.0573728 0.454939 0.0345701 -0.783628 -0.0578443 0.404237 0.0295326 -0.836019 -0.00853665 0.430044 0.0277962 -0.889948 0.0476034 0.478995 0.0244217 -0.800151 -0.0210923 0.490217 0.0329024 
-0.863736 -0.0724425 0.454939 0.0369628 -0.783628 -0.0690527 0.456948 0.0293456 -0.789469 -0.020597 0.386861 0.0280686 -0.756485 0.0374893 0.504452 0.0257293 -0.858956 -0.0375441 0.528579 0.0341923 
-0.868399 -0.0917028 0.352784 0.0390436 -0.800121 -0.0823151 0.393869 0.030091 -0.83136 -0.037824 0.388653 0.0299233 -0.740973 0.0246691 0.46645 0.0273915 -1.0208 -0.0575914 0.528579 0.036667 
-0.920485 -0.102871 0.418068 0.039689 -0.851161 -0.0952859 0.383341 0.0316326 -0.861895 -0.0527557 0.376759 0.0331047 -0.871388 0.0129657 0.46645 0.0287177 -1.0208 -0.0793936 0.457852 0.039399 
-0.980135 -0.122104 0.353334 0.0405954 -0.843916 -0.107783 0.4444 0.0329208 -0.814985 -0.0704695 0.364243 0.033803 -0.90247 -0.00255382 0.448567 0.0300719 -0.905542 -0.101688 0.428945 0.0396895 
-0.980135 -0.141852 0.38475 0.0426385 -0.853799 -0.121594 0.353855 0.0329245 -0.871804 -0.0889927 0.396538 0.0355604 -0.90247 -0.0174464 0.450084 0.0316962 -0.925058 -0.120802 0.472663 0.0425893 
-1.16891 -0.159509 0.364365 0.0445212 -0.896555 -0.137403 0.428835 0.0343283 -0.907813 -0.107982 0.375529 0.0365684 -0.90247 -0.0331172 0.504236 0.0331408 -0.888023 -0.142546 0.386754 0.0436909 
-1.16891 -0.180992 0.373273 0.0446884 -0.899212 -0.154672 0.398538 0.0367208 -0.919733 -0.12264 0.376622 0.0376956 -0.865051 -0.0493879 0.425395 0.0346912 -0.983442 -0.164583 0.420573 0.0459805 
