3261 2415 3292 2456 3350 2430 3281 2461 3312 2435 3352 2455 3315 2396 3301 2426 3265 2460 3301 2463 3261 2421 3238 2432 3343 2484 3312 2469 3297 2468 3281 2454 3300 2438 3310 2476 3311 2467 3299 2453 3353 2425 3323 2415 3325 2463 3261 2509 3310 2459 3286 
4129 1952 4171 1979 4236 1937 4156 1980 4197 1949 4227 1961 4167 1938 4178 1977 4118 1988 4153 1984 4149 1978 4097 1958 4272 2009 4152 2006 4178 1973 4143 1988 4185 1971 4189 1999 4211 2004 4169 1979 4212 1914 4238 1916 4211 2001 4142 2029 4228 1982 4155 
8171 2234 8196 2247 8278 2172 8158 2280 8091 2206 8281 2244 8143 2222 8131 2263 8018 2294 8095 2276 8008 2268 7924 2266 8423 2297 8129 2259 8175 2243 8209 2292 8154 2258 8176 2309 8206 2311 8110 2288 8159 2214 8340 2136 8252 2312 8010 2322 8230 2267 8145 
15651 2345 15579 2381 15736 2346 15502 2423 15322 2313 15709 2408 15476 2334 15419 2401 15241 2465 15285 2442 15052 2354 15132 2365 15979 2433 15383 2402 15402 2380 15709 2427 15478 2454 15530 2440 15527 2470 15377 2411 15400 2314 15806 2248 15659 2447 15244 2499 15541 2430 15600 
30045 2536 29689 2546 30076 2506 29699 2603 29321 2486 29926 2633 29792 2493 29258 2523 29060 2618 29371 2613 28558 2491 28917 2537 30586 2605 29517 2558 29388 2537 30112 2543 29806 2621 29664 2611 29533 2656 29261 2590 29265 2446 29990 2364 29775 2625 28871 2656 29793 2582 29945 
40987 2702 40853 2665 40939 2619 40899 2779 40787 2658 41055 2794 40780 2626 40711 2693 40726 2784 40784 2780 40576 2629 40710 2702 41126 2780 40753 2735 40744 2704 40871 2742 40818 2793 40909 2785 40820 2804 40675 2763 40699 2629 41019 2481 40892 2802 40608 2780 40917 2739 41048 
43652 2877 43690 2845 43691 2748 43635 2945 43577 2823 43906 2982 43719 2758 43650 2869 43636 2963 43625 2918 43756 2744 43677 2861 43686 2967 43628 2944 43566 2864 43583 2906 43687 2990 43765 2932 43631 2937 43636 2946 43700 2799 43826 2686 43724 3050 43688 2920 43724 2906 43831 
44210 3061 44249 3027 44213 2894 44233 3150 44177 2987 44297 3224 44214 2911 44222 3044 44193 3121 44170 3096 44251 2883 44090 3033 44180 3154 44187 3066 44260 3006 44190 3081 44050 3126 44353 3108 44238 3107 44310 3186 44254 2938 44325 2771 44215 3209 44133 3109 44217 3087 44184 
44192 3243 44203 3177 44182 3049 44185 3285 44101 3129 44168 3448 44190 3036 44344 3190 44270 3277 44185 3255 44160 3039 44114 3160 44169 3336 43997 3233 44239 3174 44126 3240 44101 3267 44295 3243 44070 3303 44197 3354 44256 3064 44151 2972 44161 3368 44056 3250 44194 3288 44202 
43919 3411 44074 3336 43936 3159 44109 3476 43959 3270 44065 3636 43924 3179 44071 3370 43948 3393 44057 3432 44129 3179 43962 3310 44042 3565 43889 3396 44108 3336 44009 3364 43939 3419 43991 3399 43940 3473 44161 3519 44041 3193 44044 3091 44051 3553 43909 3398 44034 3428 43850 
