2.49882e+07 1.99899e+06 9.99028e+06 1.99945e+06 2.49881e+07 1.99898e+06 9.99029e+06 1.99945e+06 2.4988e+07 1.99897e+06 9.9903e+06 1.99945e+06 2.49881e+07 1.99898e+06 9.99027e+06 1.99945e+06 2.49881e+07 1.99898e+06 9.99022e+06 1.99945e+06 2.4988e+07 1.99897e+06 9.99027e+06 1.99945e+06 2.49881e+07 1.99898e+06 9.99032e+06 1.99945e+06 2.49881e+07 1.99898e+06 9.99028e+06 1.99945e+06 2.49882e+07 1.99898e+06 9.9903e+06 1.99945e+06 2.49881e+07 1.99898e+06 9.9903e+06 1.99945e+06 2.49882e+07 1.99899e+06 9.99026e+06 1.99945e+06 2.49882e+07 1.99898e+06 9.99028e+06 1.99945e+06 2.4988e+07 1.99897e+06 9.99027e+06 1.99945e+06 2.49881e+07 1.99898e+06 9.99027e+06 1.99945e+06 2.49881e+07 1.99898e+06 9.99026e+06 1.99945e+06 2.49881e+07 1.99898e+06 9.99027e+06 1.99945e+06 2.49881e+07 1.99898e+06 9.99028e+06 1.99945e+06 2.49881e+07 1.99898e+06 9.99022e+06 1.99945e+06 2.49881e+07 1.99898e+06 9.99026e+06 1.99945e+06 2.49881e+07 1.99898e+06 9.99026e+06 1.99945e+06 2.4988e+07 1.99897e+06 9.99029e+06 1.99945e+06 2.49881e+07 1.99898e+06 9.99029e+06 1.99945e+06 2.49881e+07 1.99898e+06 9.99023e+06 1.99945e+06 2.49882e+07 1.99898e+06 9.99026e+06 1.99945e+06 2.49881e+07 1.99898e+06 9.99026e+06 1.99945e+06 2.49881e+07 1.99898e+06 
2.49777e+07 1.99784e+06 9.99176e+06 1.99951e+06 2.49775e+07 1.99782e+06 9.99163e+06 1.9995e+06 2.49771e+07 1.99778e+06 9.99173e+06 1.99951e+06 2.49775e+07 1.99783e+06 9.9916e+06 1.9995e+06 2.49774e+07 1.99781e+06 9.99169e+06 1.9995e+06 2.49771e+07 1.99779e+06 9.99165e+06 1.9995e+06 2.49774e+07 1.99781e+06 9.99184e+06 1.99951e+06 2.49774e+07 1.99781e+06 9.99171e+06 1.99951e+06 2.49777e+07 1.99784e+06 9.9916e+06 1.9995e+06 2.49775e+07 1.99782e+06 9.99162e+06 1.9995e+06 2.49777e+07 1.99784e+06 9.9917e+06 1.9995e+06 2.49778e+07 1.99785e+06 9.99171e+06 1.9995e+06 2.4977e+07 1.99778e+06 9.99154e+06 1.99949e+06 2.49775e+07 1.99782e+06 9.99157e+06 1.9995e+06 2.49775e+07 1.99782e+06 9.99162e+06 1.9995e+06 2.49775e+07 1.99783e+06 9.99162e+06 1.9995e+06 2.49774e+07 1.99782e+06 9.9917e+06 1.9995e+06 2.49774e+07 1.99781e+06 9.99156e+06 1.9995e+06 2.49773e+07 1.9978e+06 9.99158e+06 1.9995e+06 2.49775e+07 1.99782e+06 9.99165e+06 1.9995e+06 2.49771e+07 1.99779e+06 9.99177e+06 1.99951e+06 2.49772e+07 1.9978e+06 9.9918e+06 1.99951e+06 2.49773e+07 1.9978e+06 9.99159e+06 1.9995e+06 2.49777e+07 1.99784e+06 9.99145e+06 1.99949e+06 2.49773e+07 1.9978e+06 9.99162e+06 1.9995e+06 2.49775e+07 1.99783e+06 
2.49519e+07 1.9951e+06 9.98922e+06 1.99934e+06 2.49516e+07 1.99506e+06 9.98912e+06 1.99933e+06 2.49508e+07 1.99498e+06 9.98937e+06 1.99935e+06 2.49517e+07 1.99508e+06 9.98906e+06 1.99933e+06 2.49515e+07 1.99506e+06 9.98929e+06 1.99934e+06 2.4951e+07 1.99499e+06 9.98916e+06 1.99934e+06 2.49515e+07 1.99505e+06 9.98932e+06 1.99935e+06 2.49516e+07 1.99506e+06 9.98914e+06 1.99934e+06 2.49523e+07 1.99513e+06 9.98903e+06 1.99933e+06 2.49517e+07 1.99508e+06 9.98907e+06 1.99933e+06 2.49521e+07 1.99511e+06 9.98909e+06 1.99933e+06 2.49525e+07 1.99515e+06 9.9892e+06 1.99934e+06 2.49503e+07 1.99494e+06 9.98893e+06 1.99932e+06 2.49517e+07 1.99506e+06 9.98898e+06 1.99933e+06 2.49515e+07 1.99506e+06 9.98917e+06 1.99934e+06 2.49516e+07 1.99507e+06 9.98904e+06 1.99933e+06 2.49515e+07 1.99506e+06 9.98914e+06 1.99934e+06 2.49515e+07 1.99506e+06 9.98896e+06 1.99932e+06 2.49512e+07 1.99502e+06 9.98894e+06 1.99932e+06 2.49517e+07 1.99507e+06 9.98907e+06 1.99933e+06 2.49512e+07 1.99502e+06 9.98944e+06 1.99935e+06 2.49509e+07 1.995e+06 9.98953e+06 1.99936e+06 2.49512e+07 1.99503e+06 9.98894e+06 1.99932e+06 2.4952e+07 1.9951e+06 9.98883e+06 1.99932e+06 2.49511e+07 1.99501e+06 9.98908e+06 1.99933e+06 2.49518e+07 1.99508e+06 
2.49038e+07 1.98989e+06 9.98707e+06 1.99919e+06 2.4904e+07 1.98989e+06 9.9869e+06 1.99917e+06 2.49026e+07 1.98975e+06 9.98722e+06 1.99919e+06 2.49044e+07 1.98994e+06 9.9868e+06 1.99917e+06 2.4905e+07 1.98998e+06 9.98724e+06 1.9992e+06 2.49027e+07 1.98974e+06 9.98699e+06 1.99918e+06 2.49042e+07 1.98992e+06 9.98708e+06 1.99919e+06 2.49045e+07 1.98993e+06 9.98688e+06 1.99917e+06 2.49056e+07 1.99006e+06 9.98666e+06 1.99916e+06 2.4905e+07 1.98999e+06 9.98681e+06 1.99917e+06 2.49059e+07 1.99006e+06 9.98684e+06 1.99917e+06 2.49062e+07 1.99011e+06 9.98686e+06 1.99917e+06 2.49014e+07 1.98964e+06 9.98665e+06 1.99916e+06 2.49044e+07 1.98992e+06 9.98688e+06 1.99917e+06 2.49045e+07 1.98994e+06 9.98699e+06 1.99918e+06 2.49035e+07 1.98986e+06 9.98672e+06 1.99916e+06 2.49043e+07 1.98992e+06 9.98683e+06 1.99917e+06 2.49039e+07 1.98988e+06 9.9866e+06 1.99916e+06 2.49037e+07 1.98984e+06 9.98659e+06 1.99916e+06 2.49046e+07 1.98995e+06 9.9868e+06 1.99917e+06 2.49041e+07 1.98989e+06 9.98723e+06 1.9992e+06 2.49024e+07 1.98974e+06 9.98754e+06 1.99921e+06 2.49033e+07 1.98983e+06 9.9866e+06 1.99916e+06 2.49055e+07 1.99004e+06 9.98652e+06 1.99915e+06 2.49035e+07 1.98984e+06 9.9868e+06 1.99917e+06 2.49041e+07 1.98991e+06 
2.48124e+07 1.98001e+06 9.98497e+06 1.99903e+06 2.48132e+07 1.98004e+06 9.98466e+06 1.99901e+06 2.48111e+07 1.97982e+06 9.98495e+06 1.99903e+06 2.48137e+07 1.98011e+06 9.98445e+06 1.999e+06 2.48151e+07 1.98021e+06 9.98509e+06 1.99904e+06 2.48113e+07 1.97983e+06 9.98458e+06 1.99901e+06 2.48135e+07 1.9801e+06 9.98494e+06 1.99903e+06 2.48154e+07 1.98026e+06 9.98461e+06 1.99901e+06 2.48175e+07 1.98051e+06 9.98419e+06 1.99898e+06 2.48158e+07 1.9803e+06 9.98435e+06 1.99899e+06 2.48191e+07 1.9806e+06 9.98486e+06 1.99902e+06 2.48183e+07 1.9806e+06 9.98476e+06 1.99901e+06 2.48082e+07 1.97955e+06 9.98439e+06 1.99899e+06 2.48146e+07 1.98018e+06 9.98459e+06 1.999e+06 2.48149e+07 1.9802e+06 9.98471e+06 1.99901e+06 2.48117e+07 1.97993e+06 9.98451e+06 1.999e+06 2.48137e+07 1.98011e+06 9.98427e+06 1.99898e+06 2.48137e+07 1.98011e+06 9.98436e+06 1.99899e+06 2.48136e+07 1.98006e+06 9.98418e+06 1.99898e+06 2.48154e+07 1.98025e+06 9.98456e+06 1.999e+06 2.48149e+07 1.9802e+06 9.98518e+06 1.99904e+06 2.48111e+07 1.97984e+06 9.98542e+06 1.99905e+06 2.48124e+07 1.97995e+06 9.98432e+06 1.99899e+06 2.48175e+07 1.98048e+06 9.9841e+06 1.99897e+06 2.48132e+07 1.98006e+06 9.98449e+06 1.999e+06 2.48129e+07 1.98005e+06 
2.46992e+07 1.96649e+06 9.98259e+06 1.99885e+06 2.46999e+07 1.96649e+06 9.9825e+06 1.99884e+06 2.46979e+07 1.96626e+06 9.98274e+06 1.99886e+06 2.47004e+07 1.96659e+06 9.98216e+06 1.99882e+06 2.47014e+07 1.96667e+06 9.98282e+06 1.99886e+06 2.46983e+07 1.96628e+06 9.98216e+06 1.99883e+06 2.47007e+07 1.96664e+06 9.98281e+06 1.99886e+06 2.47024e+07 1.96683e+06 9.98266e+06 1.99885e+06 2.4704e+07 1.96704e+06 9.98199e+06 1.99881e+06 2.47021e+07 1.96679e+06 9.98215e+06 1.99882e+06 2.47052e+07 1.9671e+06 9.98282e+06 1.99886e+06 2.47055e+07 1.96725e+06 9.98259e+06 1.99885e+06 2.46954e+07 1.96597e+06 9.98215e+06 1.99882e+06 2.47016e+07 1.96671e+06 9.98232e+06 1.99883e+06 2.47014e+07 1.96668e+06 9.98251e+06 1.99884e+06 2.4699e+07 1.96644e+06 9.98232e+06 1.99883e+06 2.47007e+07 1.96663e+06 9.98205e+06 1.99882e+06 2.47009e+07 1.96665e+06 9.98206e+06 1.99882e+06 2.47002e+07 1.96653e+06 9.98181e+06 1.9988e+06 2.47018e+07 1.96673e+06 9.98234e+06 1.99884e+06 2.47021e+07 1.96676e+06 9.98314e+06 1.99889e+06 2.46979e+07 1.96626e+06 9.98349e+06 1.9989e+06 2.46989e+07 1.96638e+06 9.98198e+06 1.99881e+06 2.47044e+07 1.96706e+06 9.98182e+06 1.9988e+06 2.47006e+07 1.96661e+06 9.98228e+06 1.99883e+06 2.46995e+07 1.9665e+06 
2.45899e+07 1.95118e+06 9.98049e+06 1.99869e+06 2.45897e+07 1.95105e+06 9.98047e+06 1.99868e+06 2.45887e+07 1.95095e+06 9.98086e+06 1.99871e+06 2.4591e+07 1.9513e+06 9.97987e+06 1.99865e+06 2.45923e+07 1.95143e+06 9.98058e+06 1.99869e+06 2.45883e+07 1.95088e+06 9.98003e+06 1.99866e+06 2.45916e+07 1.95138e+06 9.98088e+06 1.99871e+06 2.45933e+07 1.9516e+06 9.98046e+06 1.99869e+06 2.45941e+07 1.95174e+06 9.97975e+06 1.99864e+06 2.4593e+07 1.95156e+06 9.97993e+06 1.99865e+06 2.45957e+07 1.95188e+06 9.9809e+06 1.99871e+06 2.45957e+07 1.95198e+06 9.98038e+06 1.99868e+06 2.45856e+07 1.95052e+06 9.97986e+06 1.99865e+06 2.45921e+07 1.95141e+06 9.98005e+06 1.99866e+06 2.4592e+07 1.95137e+06 9.98032e+06 1.99868e+06 2.45897e+07 1.9511e+06 9.97997e+06 1.99865e+06 2.45917e+07 1.95138e+06 9.97968e+06 1.99864e+06 2.45906e+07 1.95123e+06 9.97993e+06 1.99865e+06 2.45907e+07 1.9512e+06 9.97974e+06 1.99864e+06 2.45919e+07 1.95137e+06 9.98015e+06 1.99867e+06 2.45927e+07 1.95149e+06 9.98089e+06 1.99871e+06 2.45881e+07 1.95087e+06 9.98158e+06 1.99876e+06 2.45893e+07 1.95101e+06 9.97968e+06 1.99864e+06 2.45944e+07 1.95174e+06 9.97972e+06 1.99864e+06 2.45909e+07 1.95128e+06 9.98008e+06 1.99866e+06 2.45893e+07 1.95108e+06 
2.44854e+07 1.93458e+06 9.97822e+06 1.99851e+06 2.44849e+07 1.93443e+06 9.97836e+06 1.99852e+06 2.44842e+07 1.93433e+06 9.97898e+06 1.99856e+06 2.44865e+07 1.93471e+06 9.9777e+06 1.99848e+06 2.44881e+07 1.93492e+06 9.97859e+06 1.99854e+06 2.44828e+07 1.93413e+06 9.97774e+06 1.99849e+06 2.44861e+07 1.9347e+06 9.97898e+06 1.99856e+06 2.44887e+07 1.93507e+06 9.97829e+06 1.99852e+06 2.44889e+07 1.93512e+06 9.9776e+06 1.99847e+06 2.44879e+07 1.93494e+06 9.97793e+06 1.9985e+06 2.44899e+07 1.93524e+06 9.97895e+06 1.99856e+06 2.44907e+07 1.93543e+06 9.9784e+06 1.99853e+06 2.44815e+07 1.93389e+06 9.97759e+06 1.99847e+06 2.44872e+07 1.93479e+06 9.97771e+06 1.99848e+06 2.44873e+07 1.93479e+06 9.9782e+06 1.99851e+06 2.44853e+07 1.93451e+06 9.97775e+06 1.99848e+06 2.44873e+07 1.93484e+06 9.9775e+06 1.99847e+06 2.44852e+07 1.93455e+06 9.97783e+06 1.99849e+06 2.44863e+07 1.93464e+06 9.97789e+06 1.99849e+06 2.44862e+07 1.93468e+06 9.97797e+06 1.9985e+06 2.44872e+07 1.9348e+06 9.97883e+06 1.99855e+06 2.44827e+07 1.93414e+06 9.97949e+06 1.99859e+06 2.44837e+07 1.93426e+06 9.97715e+06 1.99844e+06 2.44891e+07 1.93512e+06 9.97765e+06 1.99847e+06 2.44868e+07 1.93478e+06 9.97803e+06 1.9985e+06 2.44843e+07 1.93442e+06 
2.43929e+07 1.91806e+06 9.97597e+06 1.99834e+06 2.43925e+07 1.91794e+06 9.97625e+06 1.99836e+06 2.43909e+07 1.91768e+06 9.977e+06 1.99841e+06 2.43933e+07 1.91811e+06 9.97551e+06 1.99831e+06 2.43953e+07 1.91842e+06 9.97659e+06 1.99838e+06 2.439e+07 1.91756e+06 9.97523e+06 1.9983e+06 2.43936e+07 1.91821e+06 9.97694e+06 1.9984e+06 2.43953e+07 1.91848e+06 9.97612e+06 1.99835e+06 2.43953e+07 1.9185e+06 9.97561e+06 1.99831e+06 2.43949e+07 1.91839e+06 9.9759e+06 1.99834e+06 2.43968e+07 1.91873e+06 9.97703e+06 1.99841e+06 2.43986e+07 1.91906e+06 9.97632e+06 1.99837e+06 2.43887e+07 1.91726e+06 9.9754e+06 1.9983e+06 2.43947e+07 1.91831e+06 9.97586e+06 1.99833e+06 2.43941e+07 1.91822e+06 9.97614e+06 1.99835e+06 2.43927e+07 1.91801e+06 9.97565e+06 1.99831e+06 2.4396e+07 1.91853e+06 9.97545e+06 1.9983e+06 2.43913e+07 1.91784e+06 9.97566e+06 1.99832e+06 2.4393e+07 1.91802e+06 9.97569e+06 1.99832e+06 2.43925e+07 1.91802e+06 9.9755e+06 1.99832e+06 2.43942e+07 1.91826e+06 9.97682e+06 1.9984e+06 2.43906e+07 1.91766e+06 9.97782e+06 1.99846e+06 2.43912e+07 1.91771e+06 9.97504e+06 1.99828e+06 2.43968e+07 1.91872e+06 9.9756e+06 1.99831e+06 2.43934e+07 1.91818e+06 9.97584e+06 1.99833e+06 2.43918e+07 1.91788e+06 
2.43152e+07 1.90266e+06 9.97397e+06 1.99818e+06 2.43155e+07 1.90271e+06 9.97435e+06 1.99821e+06 2.43135e+07 1.90233e+06 9.97522e+06 1.99826e+06 2.43161e+07 1.90284e+06 9.97358e+06 1.99816e+06 2.43177e+07 1.90309e+06 9.97461e+06 1.99822e+06 2.43133e+07 1.90229e+06 9.97281e+06 1.99811e+06 2.43152e+07 1.90272e+06 9.97534e+06 1.99827e+06 2.43158e+07 1.90284e+06 9.97414e+06 1.99819e+06 2.43169e+07 1.90304e+06 9.97362e+06 1.99816e+06 2.43162e+07 1.90288e+06 9.97386e+06 1.99818e+06 2.43184e+07 1.9033e+06 9.97523e+06 1.99827e+06 2.43212e+07 1.90378e+06 9.97444e+06 1.99822e+06 2.43113e+07 1.90188e+06 9.97318e+06 1.99813e+06 2.43174e+07 1.90297e+06 9.97377e+06 1.99817e+06 2.43157e+07 1.90278e+06 9.97427e+06 1.9982e+06 2.43163e+07 1.90283e+06 9.9737e+06 1.99816e+06 2.4318e+07 1.90315e+06 9.9735e+06 1.99815e+06 2.43125e+07 1.90226e+06 9.97373e+06 1.99816e+06 2.43153e+07 1.90264e+06 9.97357e+06 1.99816e+06 2.43137e+07 1.90243e+06 9.97341e+06 1.99815e+06 2.43156e+07 1.90278e+06 9.97506e+06 1.99825e+06 2.43137e+07 1.90237e+06 9.97575e+06 1.9983e+06 2.4313e+07 1.90222e+06 9.97316e+06 1.99813e+06 2.43197e+07 1.90349e+06 9.97355e+06 1.99815e+06 2.43154e+07 1.90273e+06 9.97356e+06 1.99815e+06 2.43142e+07 1.90247e+06 
