0 0.50598 1 0.249964 0 0 0 0 0 0.499392 1 0.25 0 0 0 0 0 0.5 1 0.25 0 0 0 0 0 0.504115 1 0.249983 0 0 0 0 0 0.494263 1 0.249967 0 0 0 0 0 0.491647 1 0.24993 0 0 0 0 0 0.497436 1 0.249993 0 0 0 0 0 0.502575 1 0.249993 0 0 0 0 0 0.496478 1 0.249988 0 0 0 0 0 0.498637 1 0.249998 0 0 0 0 0 0.495247 1 0.249977 0 0 0 0 0 0.496294 1 0.249986 0 0 0 0 0 0.508525 1 0.249927 0 0 0 0 0 0.489432 1 0.249888 0 0 0 0 0 0.501668 1 0.249997 0 0 0 0 0 0.506248 1 0.249961 0 0 0 0 0 0.5 1 0.25 0 0 0 0 0 0.498187 1 0.249997 0 0 0 0 0 0.496829 1 0.24999 0 0 0 0 0 0.498333 1 0.249997 0 0 0 0 0 0.495676 1 0.249981 0 0 0 0 0 0.504664 1 0.249978 0 0 0 0 0 0.505564 1 0.249969 0 0 0 0 0 0.4977 1 0.249995 0 0 0 0 0 0.496073 1 0.249985 0 0 0 0 0 0.500609 1 0.25 
0 1.55704 6 3.38697 0 0.509734 1 0.249905 0 1.52505 6 3.34503 0 0.492168 1 0.249939 0 1.55288 6 3.46911 0 0.491998 1 0.249936 0 1.54596 7 3.41199 0 0.513131 1 0.249828 0 1.53062 8 3.38606 0 0.496665 1 0.249989 0 1.52259 6 3.36375 0 0.517083 1 0.249708 0 1.54764 6 3.37468 0 0.503612 1 0.249987 0 1.53255 7 3.36 0 0.497218 1 0.249992 0 1.52793 6 3.39444 0 0.493964 1 0.249964 0 1.54274 6 3.37748 0 0.510585 1 0.249888 0 1.50494 6 3.33554 0 0.492417 1 0.249942 0 1.52136 6 3.32204 0 0.503064 1 0.249991 0 1.5639 6 3.38777 0 0.50224 1 0.249995 0 1.5171 6 3.4024 0 0.504985 1 0.249975 0 1.53901 6 3.4007 0 0.492144 1 0.249938 0 1.57326 6 3.37425 0 0.49497 1 0.249975 0 1.54767 6 3.41236 0 0.502283 1 0.249995 0 1.53115 6 3.33521 0 0.509755 1 0.249905 0 1.5203 6 3.37141 0 0.504491 1 0.24998 0 1.52651 6 3.36563 0 0.511875 1 0.249859 0 1.53229 6 3.36292 0 0.506792 1 0.249954 0 1.53846 6 3.34243 0 0.480167 1 0.249607 0 1.54975 6 3.38787 0 0.513743 1 0.249811 0 1.53573 6 3.37282 0 0.499261 1 0.249999 0 1.53382 6 3.39644 0 0.501514 1 0.249998 0 1.54705 6 3.36499 
0 1.48868 10 4.88358 0 0.381826 2 0.239616 0 1.43973 9 4.71269 0 0.364486 2 0.236086 0 1.46738 9 4.90103 0 0.372928 2 0.235694 0 1.45477 11 4.78755 0 0.378947 2 0.239732 0 1.44753 12 4.78809 0 0.360381 2 0.234133 0 1.45453 10 4.83433 0 0.381907 2 0.239619 0 1.48004 9 4.8624 0 0.380288 2 0.24197 0 1.4537 11 4.80941 0 0.367654 2 0.23602 0 1.47493 9 4.90939 0 0.366173 2 0.233834 0 1.45596 10 4.8089 0 0.372583 2 0.235522 0 1.44505 9 4.79968 0 0.363316 2 0.234845 0 1.47829 9 4.79849 0 0.376876 2 0.238371 0 1.46789 9 4.7837 0 0.374837 2 0.238688 0 1.45516 9 4.83798 0 0.373617 2 0.238454 0 1.43694 9 4.77862 0 0.360678 2 0.235048 0 1.48203 10 4.8422 0 0.363002 2 0.234722 0 1.46689 9 4.87142 0 0.382197 2 0.241437 0 1.47713 9 4.8417 0 0.378519 2 0.240439 0 1.43675 9 4.73564 0 0.373864 2 0.238417 0 1.4524 9 4.75526 0 0.376311 2 0.238198 0 1.46599 9 4.84058 0 0.374887 2 0.23796 0 1.46415 10 4.79908 0 0.350655 2 0.230505 0 1.47104 10 4.86089 0 0.383218 2 0.240687 0 1.45718 9 4.80347 0 0.369078 2 0.235444 0 1.46051 9 4.75148 0 0.373622 2 0.239322 0 1.48324 9 4.86261 
0 1.48713 13 5.41858 0 0.385075 2 0.250438 0 1.47051 11 5.27615 0 0.364973 2 0.244367 0 1.48252 12 5.44568 0 0.367008 2 0.241691 0 1.48503 14 5.3508 0 0.389187 2 0.255054 0 1.48081 16 5.41214 0 0.372676 2 0.249353 0 1.47883 13 5.36102 0 0.398671 2 0.257174 0 1.50588 12 5.43296 0 0.387318 2 0.255298 0 1.46975 15 5.30687 0 0.381091 2 0.246689 0 1.47799 12 5.36545 0 0.376471 2 0.249345 0 1.48381 13 5.3537 0 0.391073 2 0.256972 0 1.45828 11 5.31284 0 0.370858 2 0.246916 0 1.48817 12 5.30498 0 0.387315 2 0.249141 0 1.48795 12 5.33891 0 0.381833 2 0.252477 0 1.49041 12 5.4628 0 0.391757 2 0.258267 0 1.47143 12 5.35372 0 0.365966 2 0.248001 0 1.48978 13 5.39293 0 0.358467 2 0.239857 0 1.49722 12 5.45661 0 0.386716 2 0.251837 0 1.48088 12 5.35639 0 0.381967 2 0.250822 0 1.46429 12 5.2846 0 0.389069 2 0.25065 0 1.46589 12 5.27583 0 0.389465 2 0.251884 0 1.47877 12 5.3737 0 0.382887 2 0.250978 0 1.47779 13 5.35023 0 0.363434 2 0.246474 0 1.47525 12 5.38994 0 0.38823 2 0.246498 0 1.4714 11 5.32856 0 0.365746 2 0.247182 0 1.50299 11 5.35816 0 0.372428 2 0.24854 0 1.48974 12 5.38233 
0 1.4451 15 5.3042 0 0.37776 2 0.267392 0 1.44643 13 5.2768 0 0.355067 2 0.259631 0 1.45269 14 5.38382 0 0.361133 2 0.260245 0 1.45806 14 5.32801 0 0.377641 2 0.275751 0 1.4476 19 5.31898 0 0.362832 2 0.257734 0 1.46418 15 5.34074 0 0.385112 2 0.269463 0 1.46335 13 5.34459 0 0.372242 2 0.272988 0 1.44535 18 5.2505 0 0.362267 2 0.249262 0 1.45905 14 5.36388 0 0.359435 2 0.263091 0 1.45361 15 5.29269 0 0.375048 2 0.26883 0 1.45276 13 5.3157 0 0.362906 2 0.262518 0 1.45617 13 5.21976 0 0.371305 2 0.264182 0 1.45979 14 5.30645 0 0.366219 2 0.267419 0 1.44517 14 5.31065 0 0.380375 2 0.277129 0 1.45178 14 5.32648 0 0.368546 2 0.268195 0 1.45633 15 5.29824 0 0.36571 2 0.257133 0 1.46336 14 5.38494 0 0.375429 2 0.265005 0 1.45075 14 5.28513 0 0.371122 2 0.265562 0 1.43524 14 5.21394 0 0.381777 2 0.269156 0 1.43819 14 5.27041 0 0.382239 2 0.270882 0 1.4491 14 5.3423 0 0.371627 2 0.271133 0 1.45515 15 5.33862 0 0.357868 2 0.265332 0 1.45679 14 5.37418 0 0.379048 2 0.261275 0 1.44539 13 5.28779 0 0.361069 2 0.259313 0 1.46538 13 5.34362 0 0.36251 2 0.259756 0 1.45066 14 5.286 
0 1.77344 17 6.42682 0 0.350111 2 0.268244 0 1.75471 14 6.34012 0 0.359099 2 0.28343 0 1.77012 15 6.46063 0 0.350897 2 0.270533 0 1.78097 16 6.44739 0 0.374235 2 0.291758 0 1.74931 21 6.3629 0 0.362679 2 0.271023 0 1.78711 17 6.48874 0 0.379384 2 0.28198 0 1.77712 14 6.43838 0 0.357959 2 0.281614 0 1.74466 19 6.30495 0 0.357965 2 0.26993 0 1.74508 15 6.37478 0 0.355244 2 0.280051 0 1.74652 16 6.32531 0 0.37446 2 0.291794 0 1.72183 14 6.2349 0 0.355268 2 0.27774 0 1.75176 14 6.24371 0 0.370096 3 0.282718 0 1.79526 15 6.4796 0 0.365468 2 0.277225 0 1.75285 15 6.39616 0 0.375137 2 0.293642 0 1.75346 16 6.35913 0 0.356139 2 0.275902 0 1.78422 16 6.42451 0 0.358497 2 0.2752 0 1.78762 15 6.5134 0 0.379162 2 0.294833 0 1.76546 16 6.42105 0 0.34614 2 0.270851 0 1.73082 16 6.2517 0 0.368046 2 0.274671 0 1.72297 15 6.28377 0 0.373507 2 0.27164 0 1.7513 15 6.3988 0 0.355649 3 0.284697 0 1.77645 17 6.47583 0 0.35389 2 0.283468 0 1.75765 15 6.40909 0 0.375446 2 0.277313 0 1.72461 15 6.27338 0 0.354676 2 0.269169 0 1.7841 15 6.50636 0 0.364367 2 0.279066 0 1.77351 15 6.40814 
0 2.23609 18 8.43235 0 0.345499 2 0.280353 0 2.2263 15 8.37156 0 0.34833 2 0.290265 0 2.22483 16 8.45278 0 0.34425 2 0.274505 0 2.24331 17 8.4297 0 0.357555 2 0.297621 0 2.21016 22 8.34168 0 0.346086 2 0.275903 0 2.25527 18 8.53134 0 0.366533 2 0.291207 0 2.23463 15 8.46898 0 0.343002 2 0.281914 0 2.21008 21 8.27275 0 0.347159 2 0.276831 0 2.21727 16 8.42586 0 0.339183 2 0.282187 0 2.20539 16 8.27859 0 0.362577 2 0.300341 0 2.19526 15 8.19932 0 0.349854 2 0.287952 0 2.22314 15 8.25518 0 0.35582 3 0.288632 0 2.2585 16 8.50253 0 0.361308 2 0.297498 0 2.21385 15 8.38078 0 0.361073 2 0.295917 0 2.22322 15 8.35684 0 0.353352 2 0.285757 0 2.23934 17 8.45652 0 0.348589 2 0.282821 0 2.25085 16 8.53705 0 0.347826 2 0.28905 0 2.2181 15 8.40369 0 0.337653 2 0.277532 0 2.19113 17 8.22422 0 0.354443 2 0.279886 0 2.17783 16 8.25896 0 0.364562 2 0.285289 0 2.22195 16 8.41717 0 0.343694 3 0.288448 0 2.24705 18 8.51837 0 0.334698 2 0.28969 0 2.22875 15 8.44511 0 0.36623 2 0.284564 0 2.19191 15 8.24073 0 0.344178 2 0.276404 0 2.23472 17 8.47475 0 0.349621 2 0.286574 0 2.24398 16 8.43647 
0 2.52524 18 10.477 0 0.345639 2 0.286937 0 2.52177 16 10.3749 0 0.346878 2 0.297251 0 2.51632 17 10.5027 0 0.343124 2 0.283441 0 2.54215 16 10.515 0 0.349206 2 0.296468 0 2.50678 16 10.343 0 0.338801 2 0.27892 0 2.5541 15 10.605 0 0.362283 2 0.29555 0 2.53028 17 10.5183 0 0.342838 3 0.287134 0 2.5057 15 10.3508 0 0.349869 2 0.285936 0 2.51639 17 10.4747 0 0.325216 2 0.27392 0 2.49266 16 10.3073 0 0.338501 2 0.287226 0 2.51694 16 10.2817 0 0.339577 3 0.292943 0 2.52064 16 10.2875 0 0.347181 2 0.289291 0 2.54113 16 10.527 0 0.352885 2 0.299378 0 2.50454 15 10.3975 0 0.341161 2 0.288697 0 2.51661 16 10.3913 0 0.345975 2 0.288152 0 2.52611 18 10.4845 0 0.333009 2 0.281835 0 2.55333 16 10.6488 0 0.339091 2 0.287448 0 2.5249 16 10.4833 0 0.324646 2 0.272018 0 2.48592 16 10.2579 0 0.349211 2 0.280691 0 2.46816 16 10.2671 0 0.356246 2 0.290854 0 2.52386 16 10.4611 0 0.336283 3 0.283102 0 2.55005 18 10.585 0 0.334897 3 0.284812 0 2.51998 15 10.5265 0 0.357121 2 0.288794 0 2.4902 16 10.2386 0 0.325507 2 0.271659 0 2.53106 17 10.5571 0 0.337545 2 0.285804 0 2.53816 16 10.5112 
0 2.64985 18 12.043 0 0.333025 2 0.273307 0 2.64376 16 11.9384 0 0.32452 2 0.285307 0 2.62084 16 11.9991 0 0.331256 2 0.277937 0 2.65481 16 12.042 0 0.33516 2 0.292234 0 2.62101 16 11.8591 0 0.331735 3 0.279853 0 2.67538 16 12.1834 0 0.351798 3 0.293581 0 2.65343 17 12.113 0 0.323123 2 0.281956 0 2.6287 15 11.9225 0 0.333229 3 0.283629 0 2.63368 17 12.028 0 0.315533 2 0.266628 0 2.61365 16 11.8257 0 0.338249 2 0.290196 0 2.64119 16 11.8826 0 0.325765 3 0.281505 0 2.65675 17 11.9165 0 0.338608 2 0.289775 0 2.64835 16 12.0332 0 0.348921 2 0.298518 0 2.61531 15 11.9499 0 0.334983 2 0.287106 0 2.65171 16 11.9782 0 0.332073 2 0.289223 0 2.63715 16 12.0029 0 0.318827 2 0.272115 0 2.67128 16 12.2676 0 0.326599 2 0.287884 0 2.65177 16 12.039 0 0.315757 2 0.264158 0 2.6125 16 11.7879 0 0.328792 2 0.271551 0 2.58113 15 11.7487 0 0.338998 2 0.277746 0 2.65282 16 12.0175 0 0.328003 2 0.279164 0 2.66458 18 12.1446 0 0.318641 3 0.277674 0 2.64041 15 12.0844 0 0.339964 2 0.28199 0 2.61231 16 11.8326 0 0.312615 2 0.264118 0 2.65 18 12.1085 0 0.321776 2 0.276022 0 2.65902 17 12.0631 
0 2.64157 18 12.9034 0 0.327763 2 0.27076 0 2.64119 16 12.8283 0 0.31295 2 0.277362 0 2.60877 16 12.8385 0 0.318455 2 0.273388 0 2.64087 16 12.8876 0 0.320196 2 0.280386 0 2.60336 17 12.7293 0 0.317125 3 0.267321 0 2.65145 15 13.0362 0 0.339934 3 0.288735 0 2.63435 18 12.9372 0 0.313935 2 0.278922 0 2.61893 15 12.789 0 0.322255 2 0.275974 0 2.62139 16 12.8878 0 0.308282 2 0.262758 0 2.59541 16 12.6523 0 0.325175 3 0.28179 0 2.63962 17 12.7663 0 0.324001 3 0.274388 0 2.63598 17 12.7869 0 0.319033 2 0.273444 0 2.63989 16 12.8969 0 0.334081 2 0.290353 0 2.59249 16 12.7525 0 0.318905 2 0.28022 0 2.64229 16 12.8549 0 0.327338 2 0.283737 0 2.61944 16 12.8197 0 0.30975 2 0.263151 0 2.6532 16 13.1106 0 0.321732 2 0.282567 0 2.63097 16 12.8974 0 0.308914 2 0.255263 0 2.59174 16 12.6148 0 0.325079 2 0.274686 0 2.56967 15 12.5843 0 0.331344 2 0.276116 0 2.64801 17 12.9416 0 0.319136 2 0.271782 0 2.64649 18 12.9979 0 0.315432 2 0.27158 0 2.61951 15 12.8774 0 0.332677 2 0.274916 0 2.59113 16 12.6939 0 0.296351 2 0.259145 0 2.63596 18 12.9517 0 0.316803 2 0.272448 0 2.63941 16 12.896 
