42.1592 73.5985 103.115 79.6237 43.9485 73.3007 108.364 80.5874 44.1077 73.495 107.922 76.7828 44.9191 73.0232 107.315 84.4545 43.1667 73.1962 105.178 80.4934 33.4735 73.4104 102.759 76.1038 38.6634 73.5485 106.169 83.4385 41.5645 73.2156 107.859 83.3459 33.5358 73.2754 103.723 80.9638 44.9642 73.4207 105.317 82.8609 41.6114 73.2657 107.63 81.4943 40.7894 73.265 105.93 83.3138 43.5871 73.5676 106.048 80.2755 43.1221 73.0195 112.959 81.2407 36.0709 73.5395 105.465 82.9583 39.7315 73.0384 102.422 78.9292 41.4134 73.2541 107.58 81.1638 44.7949 73.2389 103.407 83.2093 42.0984 73.6337 106.662 86.0475 44.0227 72.9358 105.182 80.733 44.1196 73.708 105.929 80.3359 44.4868 73.4733 104.147 86.7717 44.5825 73.577 102.836 81.8711 39.8091 73.1795 104.916 79.7009 43.6614 73.518 105.079 79.7541 41.1866 73.0895 103.397 83.8202 43.7275 73.2456 104.834 83.7475 43.1611 73.0006 106.288 84.9623 42.4033 73.5804 109.967 82.289 44.3747 73.1215 105.484 82.7694 43.0173 73.6799 104.39 81.1127 43.9876 73.358 106.041 80.5726 45.9936 73.137 107.162 82.0665 35.0531 73.0316 104.455 84.8205 39.6777 73.4576 102.865 79.9123 44.6663 73.1649 109.077 83.6301 44.7121 73.4881 104.046 78.5886 46.076 73.246 104.981 84.2628 42.328 73.7146 106.323 83.6368 42.1015 73.2303 102.529 83.6657 44.8268 73.6145 110.334 84.6891 39.6647 72.975 102.002 81.0591 41.8475 73.4662 112.003 83.1142 44.1095 72.8591 106.468 80.1399 42.6152 73.2131 105.791 81.3153 38.0584 73.2779 109.606 83.2022 46.6434 73.297 105.399 80.0599 41.8729 73.3269 108.946 83.7254 46.169 73.2145 111.367 79.2484 44.793 73.2362 106.204 81.9149 45.1939 73.4562 105.534 82.8535 
42.1592 73.5066 108.424 79.6898 45.9309 73.9782 108.364 79.5556 44.1077 73.6656 107.922 76.0829 46.7203 73.6511 107.315 83.1968 39.7859 73.367 105.178 83.1677 33.4735 74.0704 101.854 74.992 38.6634 73.7166 106.169 83.0265 41.5645 73.7684 107.859 83.8769 33.5358 73.503 109.028 81.5347 45.7923 74.0401 105.317 82.9738 41.6114 73.4719 107.63 80.6198 40.7894 73.7905 105.93 84.3442 45.7278 73.7309 106.048 81.2073 43.1221 73.5242 112.959 80.6104 36.0709 73.8347 105.465 83.1953 39.7315 73.5729 102.422 78.5619 41.4134 73.4083 107.58 80.872 44.7949 73.9537 103.407 84.2764 42.0984 73.7382 106.662 83.0638 44.0227 73.5417 105.182 81.1183 44.0047 73.7147 105.929 80.3247 44.4868 74.1225 104.147 86.5855 44.5825 73.838 102.836 82.4521 39.8091 73.8462 104.916 78.9036 43.6614 73.7049 105.079 80.0461 41.1866 73.6811 103.397 84.4979 43.7275 73.3256 103.762 83.0141 43.724 73.5522 106.288 84.1552 42.4033 73.7463 109.967 83.1449 46.0573 73.8037 105.484 82.2272 43.0173 73.8172 104.39 79.8093 44.5784 73.9634 103.876 79.2648 45.9936 73.2387 113.434 82.3563 42.6296 73.526 104.455 84.7746 39.6777 73.4861 103.788 80.799 44.6663 73.76 109.077 83.6252 44.7121 73.7088 104.046 78.0041 46.1612 74.0428 104.981 81.6444 43.2757 73.8495 106.323 81.555 42.1015 73.7697 102.529 84.8272 42.9067 73.5858 110.334 83.0161 39.6647 73.6401 101.708 78.1712 41.8475 73.6633 113.995 83.9425 44.1095 73.5074 106.468 81.0134 42.6152 73.3287 105.791 82.7542 38.0584 73.896 109.606 81.365 46.6434 73.4823 105.399 79.34 41.8729 73.9221 108.946 83.5115 40.6071 73.3589 111.367 81.0646 46.0346 73.8559 106.204 81.5554 45.1939 73.4459 107.774 82.8599 
40.3329 73.5416 108.424 78.9 45.9309 73.9289 108.364 82.0323 42.6794 73.6134 107.922 76.9157 46.0919 73.5812 103.764 83.8812 39.7859 73.425 105.178 82.2765 33.4735 73.9052 101.854 75.791 38.6634 73.5572 108.131 83.9078 41.5645 73.8953 107.859 84.3252 33.5358 73.5586 109.028 81.5325 42.9543 74.0395 105.317 81.3223 35.615 73.3439 107.63 80.9504 40.7894 73.8688 105.93 83.5806 38.9409 73.564 106.048 81.2327 43.1221 73.7051 112.959 82.8349 36.0709 73.7372 112.641 81.7631 42.3699 73.5875 102.422 78.2735 41.4134 73.2662 107.58 80.6615 44.7949 73.9086 103.407 83.6864 39.8668 73.7089 106.662 82.5584 44.0227 73.4438 105.094 81.9771 42.9525 73.552 105.929 79.4265 38.6531 74.2913 104.147 87.2199 40.5791 73.93 107.479 80.3156 39.8091 73.8318 105.581 77.8657 43.6614 73.6404 107.015 79.9086 41.1866 73.7342 103.397 84.9393 35.7145 73.2006 106.481 82.3733 43.724 73.6273 108.62 85.0632 41.3153 73.6663 109.967 82.7422 44.8386 73.8381 105.484 82.0797 40.0072 73.7222 104.709 81.2381 44.5784 73.9047 103.876 80.0053 44.638 73.1105 113.434 79.9624 42.6296 73.4948 103.803 84.732 39.6777 73.502 105.689 81.8669 44.6663 73.9463 103.504 81.8147 41.1179 73.746 114.504 78.6274 46.1612 73.8703 104.981 81.4532 31.0534 73.8927 106.323 82.2261 42.1015 73.8307 102.529 85.3347 40.7874 73.5794 105.661 82.6116 39.6647 73.5385 101.708 76.9276 41.7217 73.6044 113.995 82.0606 44.1095 73.5652 106.468 80.0264 42.6152 73.3324 110.522 81.4657 38.0584 74.0081 109.606 79.6043 37.3168 73.5243 110.287 81.1153 41.8729 73.9112 108.946 84.017 40.6071 73.2235 111.367 81.3224 46.0346 73.8311 106.827 81.808 40.4276 73.5471 107.774 82.1026 
40.3329 73.5888 110.745 79.9024 45.9309 74.2974 108.615 81.1769 39.9402 73.6241 109.565 77.8262 46.0919 73.7028 103.764 83.4448 39.7859 73.4067 108.197 82.3367 33.4735 74.0263 103.078 77.8233 38.6634 73.5995 108.131 84.2636 41.5645 74.0144 107.859 82.4439 33.5358 73.6269 109.028 80.8925 45.7923 74.2457 106.71 79.803 35.615 73.2879 110.688 81.7895 40.7894 74.1801 105.93 84.5768 38.9409 73.6689 110.523 80.7376 43.1221 73.7609 112.959 81.9406 36.0709 73.6797 112.641 82.561 42.3699 73.9048 104.555 79.7779 39.4458 73.3398 108.681 81.8127 44.7949 73.9387 104.015 84.4801 37.5549 73.6957 111.931 82.1421 45.7667 73.4188 105.094 82.3833 40.1804 73.498 108.541 80.6255 44.4868 74.3548 106.227 88.0858 40.5791 73.8839 109.907 80.6705 39.8091 73.9522 105.581 78.6234 43.6089 73.715 109.672 79.7042 41.1866 73.786 103.397 86.0317 35.7145 73.1544 109.856 81.9128 43.724 73.9513 109.744 86.1884 41.3153 73.6106 115.117 81.3916 43.537 73.9535 105.484 83.4511 38.2753 73.7682 111.44 80.7751 43.718 74.2508 102.415 81.0663 42.2888 73.0731 113.434 80.1356 47.0275 73.6127 106.067 86.2125 39.6777 73.4398 106.252 81.2845 47.56 74.1013 108.131 81.0219 40.6388 73.7891 114.504 79.5585 44.5696 74.0279 104.981 82.9065 31.0534 73.8783 106.323 81.3862 42.1015 73.8704 102.529 83.4694 40.7874 73.5661 105.661 82.7502 39.6647 73.6446 102.197 76.0775 40.5362 73.4813 112.003 82.3578 44.1095 73.664 106.468 80.3865 39.0429 73.2643 110.522 81.6183 38.0584 74.2422 109.606 79.6307 37.3168 73.5572 112.898 80.4755 41.8729 73.8583 108.946 82.9766 39.3075 73.2108 111.367 80.8275 46.0346 73.9963 106.827 81.2879 40.4276 73.54 112.498 80.7456 
40.3329 73.5584 113.462 80.2926 45.9309 74.3486 108.615 82.5585 39.5901 73.6654 110.962 78.1543 46.0919 73.7788 103.764 81.7527 36.7237 73.4385 108.197 82.174 33.4735 73.9887 103.078 79.3372 37.4384 73.6104 109.958 83.2355 41.5645 74.1116 107.859 84.1087 33.5358 73.6138 109.266 80.2072 45.7923 74.4548 106.71 81.5158 35.615 73.3237 110.688 81.3808 40.7894 74.1793 105.93 85.5148 38.9409 73.5557 111.164 82.0837 43.1221 73.969 112.959 82.6805 36.0709 73.6415 112.641 83.1106 42.3699 74.0007 104.555 80.6738 39.4458 73.3287 108.681 82.2905 44.7949 74.0365 104.015 84.3624 34.9782 73.7262 111.931 82.4588 45.7667 73.4674 105.094 82.2393 40.1804 73.5616 111.762 80.2041 44.4868 74.6112 106.227 88.7578 40.2233 73.913 115.576 81.1208 39.8091 74.0051 105.581 79.5981 41.6499 73.7084 112.428 80.2543 42.3712 73.7918 103.397 84.018 35.7145 73.1903 112.617 81.9119 43.724 73.9648 109.744 85.3498 38.2743 73.5575 115.117 81.2187 43.537 73.9721 105.72 84.2865 36.5033 73.6965 111.44 81.3015 44.1008 74.3036 102.415 81.1812 39.6968 73.0606 113.434 80.1216 43.1005 73.7654 106.067 85.0601 39.6777 73.5197 109.424 81.3805 45.0704 74.2173 108.131 78.8826 40.6388 73.8821 114.504 79.9484 44.5696 74.2955 104.981 82.978 31.0534 73.8574 106.323 82.1565 42.1015 74.0297 102.529 83.086 39.1099 73.5136 107.895 82.839 39.6647 73.7193 102.197 79.8282 39.2351 73.5053 118.189 82.6346 44.1095 73.7401 106.468 80.1475 38.2916 73.3086 110.522 82.3639 38.0584 74.2448 103.924 80.1728 37.3168 73.587 112.898 80.7596 41.8729 73.9044 108.946 84.8186 39.3075 73.2325 111.367 80.4205 46.0346 73.9793 106.827 83.4973 39.1947 73.5297 112.498 80.2523 
40.2317 73.5683 113.462 80.063 45.9309 74.5688 108.615 83.3265 39.5901 73.6684 110.962 78.7757 46.0919 73.7007 103.764 83.8976 36.7237 73.4753 116.674 82.0766 33.4735 74.1425 103.078 81.5806 37.4384 73.5703 109.958 82.9631 41.5645 74.0153 108.834 84.0022 33.5358 73.6382 117.007 81.258 45.7923 74.595 112.237 83.427 35.615 73.2939 111.793 81.3825 37.1248 74.2229 103.639 87.8729 33.6334 73.5926 111.164 81.9054 42.3608 73.9551 112.959 84.2809 36.0709 73.6782 115.661 82.7286 42.3699 74.0884 104.555 81.7473 39.4458 73.298 108.681 82.3286 44.7949 74.0444 104.015 84.4273 37.5549 73.7106 111.931 82.4675 43.5778 73.4536 105.094 82.425 39.4181 73.5585 111.762 80.554 44.4868 74.7223 106.227 90.1246 40.2233 73.8688 115.576 81.2696 39.8091 74.2074 105.581 79.5357 41.6499 73.7103 109.672 79.7521 42.3712 73.7036 103.397 82.5389 35.7145 73.1947 112.617 81.7478 43.724 74.0738 109.744 84.7833 36.5052 73.5738 115.117 80.9949 43.537 73.9302 105.72 84.4145 32.7643 73.6678 111.44 81.2132 44.1008 74.2444 104.135 80.3517 39.6968 73.0418 110.831 80.2586 43.1005 73.8133 106.067 86.1896 39.6777 73.5331 109.424 81.5973 48.5536 74.2103 108.131 80.8646 38.4118 73.8452 114.504 80.7124 44.5696 74.3296 104.981 84.133 31.0534 73.8422 110.645 81.7645 42.1015 74.0267 102.529 82.1686 38.9197 73.5127 107.521 82.3121 39.6647 73.9385 102.197 80.1897 39.2351 73.4989 118.189 83.1409 44.1095 73.6087 106.468 79.6963 38.2916 73.3466 110.522 82.1705 38.0584 74.1782 103.29 78.5661 37.3168 73.5656 114.343 81.0623 41.8729 74.0239 105.884 84.4687 39.0252 73.2623 111.367 80.386 44.934 74.1714 115.261 86.1031 39.5107 73.4982 112.498 80.504 
38.3922 73.5622 113.462 80.0865 45.9309 74.6389 105.223 83.8015 39.5901 73.6527 110.962 78.6387 46.0919 73.7671 103.448 84.2036 36.7237 73.461 116.674 82.3285 33.4735 74.3914 103.078 82.6359 37.4384 73.5882 112.345 83.1965 41.5645 74.0753 108.834 81.8899 33.5358 73.5848 109.266 81.3528 45.7923 74.504 106.71 84.7168 35.615 73.2949 111.793 81.2995 37.1248 74.2484 106.475 86.8297 33.6334 73.5608 115.153 82.0412 42.3608 74.1336 112.959 84.2807 36.0709 73.6705 115.661 83.0805 42.3699 74.1494 104.555 83.2456 39.4458 73.2911 112.861 82.7369 44.7949 74.1246 104.015 84.3215 37.5549 73.7148 111.931 83.0815 45.0698 73.653 105.094 81.2773 39.4181 73.5659 111.762 80.3978 44.4868 74.8098 110.159 89.9929 40.2233 73.8771 115.576 81.5141 39.8091 74.3092 105.581 78.3648 41.6499 73.7066 112.807 80.1489 42.3712 73.6216 104.507 84.9773 35.7145 73.1663 112.617 81.6261 45.6226 74.1591 109.744 84.042 38.2743 73.5574 115.117 81.3982 43.537 74.1765 105.72 83.9817 32.7643 73.6616 111.44 81.151 44.1008 74.2954 107.766 80.9532 39.3496 73.0338 110.831 80.3775 43.1005 73.9131 106.067 87.0502 39.6777 73.5397 109.424 81.5078 48.5536 74.3435 108.131 79.0011 37.4223 73.8042 116.647 80.8037 44.5696 74.4499 104.981 83.2287 31.0534 73.8107 110.645 81.9099 42.1015 74.1652 102.529 82.9547 38.9197 73.5155 110.435 82.5923 39.6647 73.808 105.908 80.0969 39.2351 73.4598 118.189 83.0714 44.1095 73.6887 106.468 79.8045 38.2916 73.3337 120.584 82.2328 38.0584 74.262 103.29 80.3287 37.3168 73.5509 114.343 81.1226 41.8729 74.1766 105.884 84.058 39.0252 73.2407 111.97 80.3453 46.0346 74.1883 115.261 86.9536 34.2203 73.483 112.498 80.7794 
38.3922 73.5695 113.462 79.8571 45.9309 74.6635 107.552 83.9526 39.5901 73.6422 110.962 78.8002 43.0357 73.6515 103.448 83.4638 36.7237 73.4708 116.674 82.4891 33.4735 74.3242 103.078 82.6721 38.5164 73.5497 112.345 83.5194 41.5645 74.0259 108.834 82.012 34.0645 73.5702 109.266 81.1652 45.7923 74.5756 106.71 84.8089 35.615 73.2836 111.793 81.0428 40.7894 74.2416 106.475 86.194 33.6334 73.5616 115.153 81.977 44.3747 74.095 108.862 83.6952 40.4939 73.6559 115.661 83.3732 42.3699 74.2176 104.555 81.1474 39.2701 73.2782 112.861 82.5658 44.1889 74.1749 104.015 85.0404 38.7848 73.7465 111.931 83.1198 45.0698 73.6278 105.094 81.1153 39.4181 73.5258 113.82 80.6186 44.2988 74.7073 110.159 90.7406 38.7127 73.8905 115.576 81.7956 45.1833 74.418 105.581 79.4168 39.3139 73.73 113.714 80.4125 42.3712 73.6182 104.507 85.6646 35.7145 73.1458 112.617 81.6978 42.746 74.4024 109.744 83.5195 38.2743 73.5303 115.117 81.3306 43.537 74.2486 105.72 85.0218 32.7643 73.6752 111.44 80.9068 44.1008 74.3332 107.766 80.1256 39.3496 72.9893 110.831 80.5094 43.1005 73.9376 106.067 88.8104 38.0526 73.543 110.243 81.6899 48.5536 74.6043 108.131 79.8127 37.4223 73.7754 111.136 80.715 44.2241 74.2408 104.981 83.1325 31.0534 73.7889 110.645 82.0892 42.1015 74.1391 102.529 83.126 38.9197 73.5006 109.865 82.3771 39.6647 73.8 105.908 80.398 39.2351 73.4432 118.189 82.8178 44.1095 73.7836 106.468 79.3476 38.2916 73.3144 120.584 82.3714 38.0584 74.3758 103.29 80.4332 37.3168 73.5249 114.343 81.185 41.8729 74.1944 105.884 83.5694 39.0252 73.1704 111.97 80.2303 46.0346 74.2318 115.261 87.556 34.2203 73.4655 112.498 80.7356 
38.3922 73.5804 113.462 79.9471 45.9309 74.8188 107.552 84.281 39.5901 73.6233 110.962 78.9476 43.0357 73.6447 103.448 84.4794 36.7237 73.4552 116.674 82.0812 33.4735 74.3359 103.078 82.3695 38.5164 73.538 109.958 83.2997 41.5645 74.0268 108.834 82.069 34.0645 73.5791 111.982 81.4926 45.7923 74.5819 106.71 84.6904 35.615 73.2637 111.793 81.2691 40.7894 74.3379 108.009 87.5371 33.6334 73.5448 115.153 82.3133 44.3747 74.1455 108.862 83.4389 38.7454 73.6557 115.661 83.33 41.2024 74.1443 104.555 82.3596 38.5051 73.2541 112.861 82.6695 44.1889 74.1921 103.3 83.1296 38.7848 73.7445 111.931 83.101 45.7667 73.633 102.221 81.4791 39.4181 73.5242 113.82 80.6075 43.1464 74.7097 110.159 91.5896 38.7127 73.8752 115.576 81.5172 45.1833 74.2969 104.067 79.1938 39.3139 73.7091 113.714 80.6203 42.3712 73.7183 107.951 85.4041 35.7145 73.1261 112.617 81.7925 42.7412 74.3583 109.744 83.2936 39.9037 73.4923 115.117 81.4373 43.537 74.3541 105.72 85.4352 32.7643 73.6772 111.44 81.1775 44.1008 74.4542 107.766 80.8319 39.3496 72.9704 110.831 80.4139 43.1005 73.9065 106.067 90.3815 38.0526 73.5443 110.243 81.4439 48.5536 74.6105 108.131 80.5756 37.4223 73.7882 111.136 80.378 44.5696 74.3744 104.981 81.6286 31.0534 73.787 110.645 81.742 42.1015 74.0362 108.138 83.2576 38.9197 73.4899 109.865 82.5077 41.9142 73.9026 105.908 78.3308 39.2351 73.4462 114.112 82.8559 45.2831 73.7503 106.468 78.4969 38.2916 73.2816 120.584 82.1177 38.0584 74.4478 103.29 80.0079 37.3168 73.491 114.343 81.1356 41.8729 74.139 106.508 85.3585 39.0252 73.1815 111.97 80.2966 46.0346 74.3934 115.261 86.9901 34.2203 73.4724 111.088 80.7005 
38.3922 73.5903 112.474 80.0071 45.0926 74.8237 107.552 83.9369 39.5901 73.6404 110.962 79.074 43.0357 73.5993 103.448 83.1131 36.7237 73.4767 116.674 81.9953 33.4735 74.3456 103.078 83.7393 38.5164 73.512 109.958 83.4635 41.5645 74.1495 108.834 84.3332 34.0645 73.5694 113.961 81.6556 45.7923 74.6847 106.71 84.1989 35.615 73.2633 111.793 81.4768 40.7894 74.2905 106.475 87.8316 33.6334 73.5406 111.164 82.1473 44.3747 74.1266 108.862 83.6828 38.7454 73.6201 115.661 82.6719 41.2024 74.041 104.555 83.7977 35.3895 73.2378 112.861 82.4536 37.961 74.2051 103.3 82.7116 38.7848 73.713 111.931 83.3259 45.7667 73.7314 103.5 80.2668 39.4181 73.5204 113.82 80.7277 44.2988 74.8333 110.159 89.8512 36.7995 73.8886 111.402 81.5103 45.1833 74.263 104.067 78.3449 37.4776 73.674 113.714 80.8016 42.3712 73.6461 107.951 85.6564 35.7145 73.1501 112.617 81.7916 42.746 74.3649 109.744 82.8645 39.0527 73.481 115.117 81.2264 43.537 74.3508 105.72 87.5521 36.1178 73.6572 111.44 81.0275 44.1008 74.4087 104.135 80.0547 39.3496 72.9441 110.831 80.5088 41.977 73.8324 106.067 89.4697 38.0526 73.548 110.243 81.3512 47.7985 74.662 108.131 82.281 37.4223 73.8178 111.136 80.7022 44.5696 74.3894 104.981 81.3443 31.0534 73.7406 110.645 81.4832 42.1015 73.9318 108.138 81.5205 38.9197 73.4559 107.521 82.0885 41.9142 73.8929 105.908 79.3241 39.2351 73.4447 114.112 82.6824 45.2831 73.7855 106.468 78.5472 38.2916 73.2741 120.584 82.1706 38.0584 74.4738 103.29 80.1984 37.3168 73.4579 114.343 81.3225 39.6088 74.1606 105.884 85.2353 39.0252 73.1523 111.97 80.3885 42.2186 74.4248 115.261 86.1547 39.5107 73.4651 111.088 80.6097 
